Michael,252,94.363,2.142,1.592,0.092,0.118,1.693
John,143,94.384,1.729,1.932,0.124,0.101,1.729
David,171,92.808,1.393,2.393,0.106,0.077,3.223
Robert,181,94.511,2.161,0.924,0.128,0.137,2.138
James,161,94.016,3.279,1.472,0.116,0.118,1
William,78,94.523,2.558,1.3,0.103,0.119,1.397
Richard,115,93.697,1.409,1.801,0.079,0.145,2.869
Thomas,66,95.917,1.31,1.569,0.113,0.117,0.974
Mark,95,96.338,1.175,1.054,0.063,0.1,1.271
Mary,23476,92.351,3.327,1.526,0.174,0.114,2.509
Joseph,61,92.139,2.553,2.12,0.144,0.108,2.936
Daniel,90,90.491,1.15,1.859,0.172,0.139,6.189
Christopher,74,94.544,1.998,1.401,0.125,0.144,1.786
Susan,19454,96.281,0.5,1.872,0.082,0.148,1.117
Jennifer,19280,94.436,1.199,2.216,0.072,0.134,1.943
Steven,68,95.271,1.181,2.054,0.074,0.069,1.351
Jeffrey,66,96.739,1.022,1.315,0.109,0.125,0.69
Brian,54,96.182,1.338,1.59,0.098,0.076,0.716
Paul,62,93.143,1.452,3.066,0.109,0.092,2.138
Patricia,16711,90.067,3.919,0.787,0.136,0.154,4.937
Charles,56,91.379,5.547,1.494,0.16,0.191,1.23
Linda,16110,92.674,3.114,1.899,0.08,0.136,2.097
Matthew,42,97.349,0.679,0.783,0.078,0.091,1.019
Karen,14805,94.706,2.456,1.516,0.074,0.081,1.167
Scott,43,98.311,0.271,0.868,0.061,0.061,0.427
Kevin,50,92.962,2.836,3.237,0.061,0.088,0.816
Lisa,14582,93.639,2.346,1.662,0.109,0.116,2.127
Timothy,55,96.274,1.763,1.044,0.138,0.09,0.691
Stephen,41,96.291,1.112,1.729,0.057,0.05,0.76
Barbara,12807,93.068,4.551,0.583,0.093,0.078,1.626
Elizabeth,12681,90.547,1.523,1.759,0.102,0.102,5.967
Kenneth,58,92.305,4.224,2.168,0.088,0.152,1.064
Gary,59,95.396,1.68,1.903,0.091,0.132,0.799
Donald,31,95.057,3.251,0.722,0.166,0.083,0.722
Ronald,45,92.396,4.029,1.586,0.201,0.176,1.611
Jason,46,93.542,1.574,2.861,0.161,0.195,1.667
Nancy,11398,93.158,0.85,2.185,0.113,0.104,3.59
Maria,11037,34.521,0.902,5.323,0.018,0.107,59.128
Andrew,34,93.212,1.69,3.07,0.11,0.037,1.882
Kathleen,10826,97.654,0.515,0.837,0.092,0.129,0.773
Eric,43,89.53,3.727,3.496,0.129,0.148,2.97
Deborah,10603,93.945,3.652,0.676,0.094,0.141,1.493
Gregory,28,93.965,3.871,0.896,0.086,0.114,1.068
Anthony,41,84.161,7.199,3.154,0.174,0.213,5.099
Edward,33,89.221,3.422,2.937,0.148,0.129,4.144
Peter,40,91.675,1.144,5.043,0.099,0.099,1.94
Michelle,9864,90.682,3.402,2.584,0.151,0.131,3.049
Sandra,9715,86.714,4.34,1.06,0.204,0.102,7.58
Amy,9743,95.56,0.358,2.844,0.143,0.102,0.992
Kimberly,9603,93.982,3.756,0.892,0.104,0.176,1.09
Laura,9479,92.509,0.756,0.872,0.137,0.137,5.589
George,30,86.945,4.891,3.088,0.194,0.173,4.708
Cynthia,9055,89.131,4.88,1.941,0.11,0.165,3.773
Carol,8885,94.481,2.561,1.258,0.121,0.132,1.446
Donna,8886,95.083,2.609,0.937,0.1,0.145,1.126
Julie,8717,95.087,0.4,2.822,0.114,0.114,1.462
Jose,84,7.244,0.289,2.534,0.081,0.023,89.829
Patrick,28,93.944,2.432,2.257,0.082,0.082,1.204
Douglas,31,96.767,1.211,1.011,0.082,0.141,0.788
Christine,8260,93.444,1.386,3.097,0.06,0.108,1.904
Sharon,8000,91.302,5.766,1.877,0.172,0.147,0.736
Pamela,8049,92.688,4.776,1.108,0.086,0.123,1.219
Dennis,52,93.49,1.927,2.838,0.117,0.117,1.51
Debra,7369,94.26,3.65,0.38,0.095,0.014,1.601
Diane,7225,94.47,2.464,1.246,0.096,0.082,1.643
Rebecca,7208,94.052,0.83,1.369,0.124,0.138,3.486
Margaret,7183,93.407,3.102,1.357,0.139,0.111,1.884
Kelly,6656,96.814,0.707,1.538,0.139,0.097,0.707
Melissa,7179,93.532,1.457,1.083,0.167,0.097,3.664
Larry,18,90.436,5.955,1.383,0.211,0.18,1.835
Frank,26,86.855,2.904,2.859,0.287,0.091,7.003
Ryan,98,95.745,0.86,2.304,0.077,0.031,0.983
Sarah,6435,93.969,1.752,2.078,0.14,0.171,1.891
Angela,6403,85.619,7.167,1.975,0.187,0.202,4.851
Stephanie,6355,91.288,4.309,1.818,0.078,0.219,2.288
Jonathan,24,91.835,1.912,3.51,0.078,0.172,2.492
Janet,6323,93.153,2.575,1.963,0.126,0.141,2.041
Cheryl,5848,92.764,5.224,1.099,0.085,0.169,0.659
Catherine,5824,93.319,2.341,2.563,0.154,0.068,1.555
Heather,5791,97.397,0.896,0.517,0.138,0.155,0.896
Judith,5763,94.76,1.544,0.746,0.174,0.174,2.603
Todd,20,97.885,0.944,0.664,0.087,0.017,0.402
Lori,5694,96.962,0.79,1.194,0.14,0.105,0.808
Keith,28,92.957,4.531,1.601,0.091,0.182,0.637
Jessica,5434,88.901,1.413,1.981,0.11,0.22,7.375
Craig,25,96.296,2.151,1.029,0.019,0.131,0.374
Joshua,20,95.722,0.909,1.098,0.133,0.076,2.063
Raymond,22,84.755,4.35,5.12,0.135,0.154,5.486
Denise,5142,90.212,5.414,1.137,0.077,0.154,3.006
Ann,5151,94.855,1.573,2.446,0.097,0.116,0.912
Brenda,5055,84.464,9.126,1.114,0.195,0.215,4.886
Teresa,5046,83.268,2.802,2.506,0.237,0.099,11.089
Terry,276,93.195,4.235,1.357,0.267,0.226,0.72
Katherine,4788,94.252,1.562,2.187,0.083,0.083,1.833
Alan,27,92.471,1.064,4.797,0.104,0.063,1.502
Adam,11,96.148,0.635,1.016,0.085,0.127,1.989
Kathryn,4714,97.225,1.017,0.636,0.042,0.106,0.975
Carolyn,4667,89.429,7.928,1.066,0.043,0.171,1.364
Nicholas,11,95.035,1.305,1.006,0.021,0.107,2.525
Lawrence,28,90.854,4.191,2.489,0.109,0.153,2.205
Philip,14,92.938,1.245,4.052,0.068,0.113,1.584
Amanda,4382,94.312,1.206,0.933,0.205,0.205,3.14
Roger,20,92.842,2.104,2.355,0.023,0.16,2.515
Jerry,44,89.465,4.505,3.332,0.164,0.094,2.44
Robin,3551,94.246,3.687,1.104,0.141,0.047,0.775
Anne,4217,96.037,0.896,2.147,0.142,0.047,0.731
Benjamin,11,85.184,2.906,4.679,0.165,0.189,6.876
Jill,4229,98.156,0.544,0.591,0.095,0.095,0.52
Andrea,4169,89.751,4.911,0.807,0.214,0.047,4.27
Nicole,4178,91.141,4.99,1.194,0.096,0.143,2.436
Christina,4153,88.524,1.773,2.947,0.264,0.144,6.349
Tracy,3201,92.334,4.246,2.135,0.146,0.146,0.995
Theresa,4089,89.798,4.008,2.235,0.194,0.121,3.643
Janice,4085,90.845,6.022,1.714,0.171,0.171,1.077
Justin,18,94.685,1.396,2.204,0.269,0.049,1.396
Joan,3466,94.405,3.204,1.232,0.099,0.173,0.887
Juan,35,4.528,0.523,1.518,0.025,0,93.406
Suzanne,3986,96.839,0.477,1.154,0,0.075,1.455
Dawn,3929,95.147,3.017,0.779,0.126,0.075,0.855
Leslie,3589,92.634,3.633,1.615,0.151,0.177,1.791
Wendy,3918,91.648,1.615,3.76,0.126,0.05,2.801
Sean,16,94.509,2.364,1.957,0.127,0.178,0.864
Jane,3823,93.968,0.984,3.779,0.181,0.207,0.88
Martin,32,77.656,1.068,1.615,0.104,0.026,19.531
Jacqueline,3687,80.318,11.863,1.833,0.135,0.216,5.635
Jean,1570,87.361,7.567,3.228,0.163,0.19,1.492
Bryan,14,93.625,2.116,2.821,0.027,0.054,1.356
Lynn,3059,94.412,1.616,2.821,0.164,0.055,0.931
Aaron,20,91.607,3.264,2.057,0.055,0.137,2.88
Diana,3596,83.591,1.903,2.923,0.248,0.193,11.142
Bradley,9,98.867,0.193,0.525,0.138,0.055,0.221
Jeremy,13,96.596,1.116,0.642,0.084,0.112,1.451
Kathy,3523,93.017,2.186,2.81,0.142,0.114,1.731
Paula,3464,92.402,3.113,0.8,0.2,0.171,3.313
Martha,3446,68.367,3.438,0.774,0.115,0.115,27.192
Carl,9,90.331,6.935,1.41,0.115,0.23,0.978
Michele,3352,94.705,2.604,0.868,0.116,0.087,1.62
Erin,3314,97.949,0.469,0.439,0.117,0.088,0.938
Joyce,3355,85.596,9.534,3.689,0.177,0.03,0.974
Anna,3331,84.762,2.211,5.378,0.09,0.12,7.439
Judy,3320,90.572,2.651,4.699,0.09,0.12,1.867
Samuel,10,73.198,9.388,5.421,0.182,0.212,11.599
Shannon,2970,95.41,2.754,0.551,0.092,0.092,1.102
Shawn,94,94.018,3.022,1.603,0.185,0.185,0.987
Kim,2562,84.508,4.409,9.78,0.155,0.373,0.776
Sara,3155,90.869,1.074,1.169,0.126,0.063,6.698
Chad,4,97.716,0.793,0.825,0.19,0.032,0.444
Walter,13,85.796,7.69,1.875,0.032,0.095,4.512
Rachel,3092,90.806,2.29,2.355,0.032,0.129,4.387
Dale,120,96.415,1.858,1.043,0.098,0.098,0.489
Dana,2740,94.941,3.427,0.685,0.098,0.098,0.751
Virginia,3038,83.775,3.664,2.65,0.131,0.196,9.585
Phillip,8,89.613,3.97,3.01,0.198,0.232,2.977
Randy,31,92.757,2.027,3.09,0.166,0.133,1.827
Beverly,2997,87.855,9.142,1.134,0.133,0.2,1.535
Shirley,2986,80.576,12.257,4.588,0.234,0.268,2.076
Jamie,2478,94.467,1.576,1.643,0.168,0.134,2.012
Joel,27,84.459,1.934,2.002,0.102,0.068,11.435
Tammy,2863,92.421,2.846,2.743,0.171,0.24,1.578
Joanne,2879,92.862,1.784,3.329,0,0.103,1.922
Arthur,14,83.115,7.099,3.377,0.103,0.138,6.168
Steve,22,85.399,2.209,7.214,0.242,0.104,4.833
Victor,17,47.479,4.869,6.768,0.069,0.104,40.711
Carlos,24,13.352,1.73,2.041,0.069,0.104,82.705
Jon,20,96.157,0.727,1.904,0.139,0.069,1.004
Betty,2875,82.296,10.47,3.965,0.139,0.174,2.957
Marilyn,2875,89.426,5.287,2.539,0.07,0.104,2.574
Bonnie,2823,96.683,1.047,1.327,0.07,0.07,0.803
Nathan,6,94.309,2.235,2.13,0.244,0.209,0.873
Randall,41,96.728,0.996,1.387,0.071,0.107,0.711
Emily,2801,92.026,1.709,4.201,0.142,0.249,1.673
Laurie,2759,97.286,0.536,0.714,0.107,0.143,1.214
Glenn,45,91.994,3.074,3.753,0.179,0.286,0.715
Vincent,9,81.938,5.508,8.047,0.072,0.286,4.149
Henry,23,66.425,9.101,14.068,0.073,0.218,10.116
Victoria,2742,83.515,3.74,3.704,0.327,0.29,8.424
Gloria,2715,55.342,12.5,4.76,0.218,0.254,26.926
Helen,2727,79.345,6.8,10.036,0.145,0.364,3.309
Ellen,2730,94.971,1.239,2.915,0.109,0.036,0.729
Ruth,2697,86.019,5.408,2.134,0.184,0.147,6.107
Marie,2671,80.466,11.728,3.478,0.222,0.148,3.959
Marc,9,94.148,2.889,0.926,0.074,0.259,1.704
Luis,22,11.008,0.111,1.446,0.037,0,87.398
Cindy,2666,89.747,0.854,5.906,0.111,0.037,3.343
Brandon,10,91.981,3.767,2.126,0.298,0.149,1.678
Valerie,2647,86.647,7.539,1.688,0.113,0.188,3.826
Tina,2637,88.164,3.204,5.993,0.188,0.151,2.299
Jay,26,91.962,0.838,5.219,0.267,0.305,1.41
Gail,2620,93.473,4.16,1.641,0,0.153,0.573
Kristin,2573,98.26,0.503,0.657,0,0,0.58
Dorothy,2573,82.86,13.175,1.671,0.35,0.233,1.71
Louis,20,84.008,5.253,2.49,0.272,0.039,7.938
Maureen,2558,96.599,1.368,1.095,0.039,0.078,0.821
Connie,2534,89.976,2.013,4.578,0.118,0.079,3.236
Colleen,2533,97.789,0.711,0.671,0.197,0.039,0.592
Barry,17,95.149,2.903,1.034,0.119,0.199,0.596
Beth,2511,98.566,0.358,0.438,0,0.119,0.518
Chris,145,91.68,1.6,4.28,0.12,0.12,2.2
Lee,298,90.308,4.445,4.165,0.08,0.04,0.961
Monica,2479,69.759,7.309,3.173,0.161,0.201,19.398
Kyle,25,96.381,1.407,1.568,0.121,0.161,0.362
Kristen,2467,98.229,0.564,0.282,0.04,0.081,0.805
Ralph,20,88.656,4.32,1.13,0.202,0.323,5.369
Sheila,2474,87.146,8.569,2.061,0.04,0.364,1.819
Albert,10,75.093,7.464,7.546,0.206,0.165,9.526
Frederick,11,89.487,6.675,2.67,0.083,0.167,0.918
Carrie,2385,95.22,2.264,1.216,0.126,0.126,1.048
Holly,2364,97.382,0.507,1.394,0.042,0.084,0.591
Elaine,2364,87.775,4.484,5.499,0.085,0.085,2.073
Ashley,2320,93.699,3.601,0.986,0.086,0,1.629
Julia,2299,84.981,3.28,2.805,0.259,0.173,8.502
Renee,2276,91.282,4.791,1.64,0.086,0.259,1.942
Megan,2291,98.301,0.479,0.436,0,0.044,0.74
Lauren,2275,96.238,1.4,0.962,0.175,0.262,0.962
Alexander,30,81.531,2.759,6.631,0.134,0.267,8.678
Peggy,2234,93.778,2.731,1.611,0.269,0.269,1.343
Stacy,2038,94.482,2.333,1.525,0.269,0.269,1.122
Eugene,13,84.651,6.67,5.71,0.046,0.183,2.741
Heidi,2183,97.16,0.366,1.466,0.137,0,0.87
Dean,12,94.986,0.782,3.404,0.046,0.138,0.644
Sherry,2170,92.442,4.194,2.212,0.138,0.092,0.922
Melanie,2157,92.343,2.814,2.26,0.185,0.092,2.306
Rodney,8,86.192,9.437,2.278,0.232,0.232,1.627
Stacey,1982,93.648,3.27,1.121,0.14,0.234,1.588
Gina,2116,90.301,2.542,3.202,0.094,0.047,3.814
Francis,309,88.269,3.075,6.197,0.095,0.095,2.271
Brent,8,97.249,0.996,0.712,0.19,0.047,0.806
Rhonda,2096,90.458,7.824,0.334,0.382,0.143,0.859
Danielle,2065,93.064,4.383,0.385,0.241,0,1.927
Stanley,14,84.843,7.037,6.644,0.049,0.295,1.132
Eileen,2031,94.485,0.935,2.314,0.098,0.098,2.068
Frances,1994,83.81,5.726,2.962,0.247,0.296,6.96
Anita,1984,76.835,7.738,8.288,0.399,0.1,6.64
Manuel,13,17.863,0.903,4.315,0.251,0.1,76.568
Jeffery,11,94.346,3.584,1.212,0.202,0.05,0.606
Sally,1958,93.889,0.707,2.778,0.253,0.051,2.323
Jesse,73,79.089,6.177,2.228,0.152,0.152,12.203
Antonio,12,31.603,5.242,6.616,0,0.204,56.336
Jacob,5,91.845,1.631,3.211,0.153,0.153,3.007
Jorge,16,8.696,0.153,1.125,0,0,90.026
Brett,34,98.36,0.871,0.256,0.103,0.051,0.359
Danny,14,79.774,3.542,10.318,0.257,0.308,5.801
Jeanne,1938,96.388,0.98,1.909,0.155,0,0.568
Rita,1937,81.053,4.75,5.679,0.052,0.155,8.312
Curtis,11,85.774,10.903,2.129,0.104,0.519,0.571
Alice,1923,80.135,6.292,8.164,0.208,0.312,4.888
Allen,12,88.755,4.498,5.178,0.052,0.471,1.046
Derek,4,90.424,4.082,4.396,0.209,0.105,0.785
Vicki,1909,95.443,2.043,1.467,0.21,0,0.838
Travis,5,94.235,3.564,0.996,0.419,0.052,0.734
Troy,7,92.381,5.556,1.058,0.106,0.053,0.847
Francisco,20,8.652,0.159,3.291,0,0,87.898
Jesus,26,3.904,0,2.781,0.16,0,93.155
Cathy,1856,91.756,3.071,2.909,0.054,0.162,2.047
Joann,1852,89.849,4.698,1.998,0.216,0.324,2.916
Tiffany,1826,82.433,10.202,5.292,0.327,0.327,1.418
Tara,1819,94.365,3.228,1.313,0.055,0.109,0.93
Terri,1737,93.884,3.085,1.543,0.165,0.11,1.212
Joe,13,69.013,6.874,5.155,0.222,0.166,18.57
Allison,1768,95.378,1.917,1.917,0,0.169,0.62
Miguel,17,6.165,0.566,1.131,0.113,0,92.025
Tamara,1731,93.001,4.418,0.574,0.115,0.172,1.721
Alicia,1712,66.667,5.934,2.734,0.116,0.175,24.375
Mario,14,31.334,2.563,3.844,0.058,0.058,62.143
Phyllis,1697,88.038,8.25,1.591,0.236,0.471,1.414
Tony,19,63.002,8.57,21.099,0.355,0.059,6.915
Annette,1679,82.37,9.708,1.549,0.179,0.06,6.135
Carmen,1564,41.099,5.018,2.688,0.06,0.119,51.016
Darlene,1674,86.738,8.781,1.254,0.299,0.06,2.867
Erik,4,92.533,1.314,1.016,0.119,0,5.018
April,1657,88.448,6.739,1.685,0.301,0.12,2.708
Marcia,1658,89.807,6.092,0.603,0.06,0.241,3.197
Ana,1631,23.43,0.906,2.295,0,0.121,73.249
Carla,1632,86.366,7.912,0.426,0.061,0.243,4.991
Natalie,1572,89.747,4.367,1.203,0.316,0.19,4.177
Melinda,1572,92.112,1.718,2.036,0.318,0.254,3.562
Claudia,1546,64.054,3.697,1.02,0.191,0.255,30.784
Kristine,1566,95.275,0.447,2.81,0.064,0.255,1.149
Jaime,593,44.971,0.448,4.933,0.128,0.192,49.327
Amber,1552,95.055,1.991,0.771,0.193,0.128,1.863
Rose,1516,76.847,9.301,4.683,0.264,0.264,8.641
Veronica,1493,46.667,10.2,2.8,0.2,0,40.133
Norma,1463,55.884,6.052,3.497,0.269,0.269,34.028
Edwin,12,67.41,4.665,7.978,0.068,0.203,19.675
Neil,7,94.783,1.016,2.778,0.136,0.136,1.152
Christian,166,85.064,1.833,1.969,0.068,0.272,10.794
Roberta,1398,92.471,3.217,0.958,0.205,0.068,3.08
Lorraine,1451,87.181,5.513,2.205,0.138,0.138,4.824
Crystal,1442,82.32,10.014,2.072,0.138,0.414,5.041
Rosa,1423,20.236,4.435,2.287,0.139,0,72.904
Regina,1425,78.312,12.762,2.441,0.209,0.209,6.067
Karl,9,93.737,2.815,2.604,0.07,0.07,0.704
Sylvia,1411,58.169,12.113,5.282,0.352,0.07,24.014
Erica,1406,80.057,8.699,1.627,0.212,0.071,9.335
Alison,1395,96.294,1.283,1.568,0,0.071,0.784
Kerry,810,95.487,2.436,1.074,0.143,0.072,0.788
Deanna,1374,91.957,3.623,1.667,0.29,0.217,2.246
Evelyn,1364,66.497,11.313,7.832,0.218,0.435,13.706
Alex,47,64.406,3.136,12.983,0.219,0.292,18.964
Debbie,1366,87.408,4.539,3.294,0.366,0.22,4.173
Irene,1365,71.136,3.81,7.985,0.073,0.147,16.85
Joy,1329,86.564,6.241,5.727,0,0.147,1.322
Jimmy,12,67.456,6.879,16.79,0.518,0.148,8.21
Jan,357,97.008,0.598,1.795,0.075,0.15,0.374
Doris,1332,76.276,13.438,3.378,0.225,0.375,6.306
Wanda,1332,77.553,16.517,1.126,0.3,0.3,4.204
Shane,17,97.059,0.754,1.207,0.075,0.151,0.754
Lois,1220,92.755,5.283,1.208,0.075,0.151,0.528
Jodi,1298,97.108,0.304,1.522,0.152,0.152,0.761
Rosemary,1295,86.478,4.202,2.215,0.229,0,6.875
Yvonne,1286,65.278,18.364,5.247,0.54,0.386,10.185
Mitchell,6,93.338,2.943,1.704,0.232,0.232,1.549
Carole,1281,95.16,2.576,1.405,0,0.312,0.546
Billy,14,84.301,7.849,4.003,0.392,0.471,2.983
Constance,1270,91.811,5.984,0.866,0.157,0.157,1.024
Caroline,1249,89.482,2.869,4.303,0.159,0.239,2.948
Lance,3,93.222,2.073,2.951,0.399,0.159,1.196
Tracey,1058,89.752,8.407,0.881,0,0.16,0.801
Roberto,10,12.821,0.321,6.33,0,0,80.529
Charlotte,1247,89.495,6.897,1.363,0.401,0.481,1.363
Dianne,1243,92.116,5.068,1.287,0.08,0.161,1.287
Darren,5,89.984,4.604,3.877,0.242,0.162,1.131
Ricardo,6,12.256,3.896,5.276,0,0,78.571
Sue,1071,93.409,0.814,5.045,0.163,0,0.57
Warren,9,86.031,7.477,5.341,0.247,0.329,0.575
Sheryl,1210,93.471,3.719,1.736,0.083,0.413,0.579
Courtney,1158,92.969,5.624,0.827,0.165,0.331,0.083
Jared,3,96.25,1.083,0.667,0.25,0.583,1.167
Pedro,6,7.557,1.259,2.099,0.168,0.084,88.833
Marvin,6,75.337,14.141,3.199,0.168,0,7.155
Kristina,1182,94.688,1.349,1.602,0.084,0.169,2.108
Ricky,9,84.915,7.034,5.169,0.169,0.169,2.542
Dustin,4,97.116,0.254,1.187,0.424,0.17,0.848
Darrell,9,87.267,9.762,1.188,0.424,0.255,1.104
Marlene,1162,83.277,4.669,2.292,0.17,0.34,9.253
Lynne,1173,96.76,1.364,1.108,0,0.085,0.682
Marsha,1160,90.517,7.155,0.776,0,0.259,1.293
Ian,6,93.166,2.855,2.855,0,0.346,0.779
Casey,508,95.317,1.561,2.342,0.087,0.087,0.607
Jeanette,1151,83.406,8.688,1.651,0.261,0.087,5.908
Sherri,1144,93.881,4.371,1.049,0.175,0,0.524
Grace,1136,64.965,6.338,21.919,0.176,0,6.602
Wesley,15,91.637,3.873,3.697,0.264,0.088,0.44
Shelley,1110,95.057,2.118,1.942,0.088,0.177,0.618
Oscar,10,15.813,4.152,4.417,0.442,0.088,75.088
Bobby,19,78.122,13.729,4.252,0.354,0.62,2.923
Rafael,7,8.871,0.269,2.419,0,0,88.441
Zachary,3,95.968,1.613,0.986,0.269,0.358,0.806
Hector,6,5.495,0.45,1.351,0,0,92.703
Katie,1107,94.505,2.252,2.523,0,0.18,0.541
Marjorie,1110,90.631,4.865,2.252,0.09,0.09,2.072
Johnny,7,60.386,13.603,12.224,0.551,0.184,13.051
Corey,43,89.42,8.188,1.288,0.276,0.368,0.46
Shelly,1053,94.6,1.955,2.048,0.372,0,1.024
Dolores,1071,70.308,4.669,3.081,0.187,0.28,21.475
Tanya,1062,81.946,10.664,2.9,0.468,0.374,3.648
Charlene,1057,86.21,9.568,2.064,0.188,0.375,1.595
Vanessa,1060,63.415,15.947,4.034,0.281,0.563,15.76
Tyler,22,97.648,0.188,0.847,0.282,0.188,0.847
Jody,493,97.441,0.664,0.664,0.284,0.095,0.853
Gabriel,57,45.956,2.188,2.284,0,0.285,49.286
Lindsay,1041,98,0.857,0.476,0,0.19,0.476
Christy,1038,94.651,1.146,2.674,0,0.287,1.242
Leah,1039,92.994,2.591,2.687,0.096,0.288,1.344
Kristi,1040,95.288,1.058,1.923,0.385,0.192,1.154
Louise,1026,89.084,6.433,2.047,0,0.487,1.949
Lynda,1023,93.06,3.226,1.564,0.196,0.293,1.662
Jenny,1011,69.216,0.686,22.549,0,0.294,7.255
Raul,9,7.094,0.493,3.054,0.099,0,89.261
Samantha,1006,88.702,3.568,3.568,0.198,0.396,3.568
Audrey,1004,84.722,10.714,2.381,0.298,0.099,1.786
Molly,1005,96.032,0.595,2.083,0,0.298,0.992
Yolanda,989,19.043,19.342,4.287,0.199,0.199,56.929
Javier,8,4.895,0,0.5,0.1,0,94.505
Ramon,9,11.311,1.301,8.008,0,0.2,79.179
Ray,11,79.58,6.907,6.206,0.3,0.2,6.807
Melvin,8,66.6,22.768,4.313,0.602,0.401,5.316
Penny,996,95.08,2.309,1.506,0.201,0.301,0.602
Kay,952,91.851,3.119,3.823,0.101,0.101,1.006
Marianne,989,96.663,0.303,2.123,0.101,0.101,0.708
Fernando,10,14.852,0.61,5.799,0.102,0,78.637
Joanna,976,86.85,1.835,5.708,0.102,0.102,5.403
Geraldine,973,78.109,12.847,3.186,0.103,0.103,5.653
Ruben,6,13.768,1.242,4.037,0,0.104,80.849
Sergio,9,14.718,0.522,1.566,0,0,83.194
Cory,30,94.566,2.821,1.776,0.104,0.104,0.627
Loretta,957,86.416,8.15,1.567,0.104,0.418,3.344
Toni,929,87.002,8.386,1.048,0.524,0.21,2.83
Erika,943,73.523,6.224,1.266,0.105,0.422,18.46
Sheri,929,94.941,2.153,1.938,0.323,0.108,0.538
Gayle,916,94.76,2.62,1.31,0,0.218,1.092
Lindsey,906,96.07,1.092,1.747,0.109,0.218,0.764
Seth,2,98.031,0.875,0.656,0.109,0,0.328
Eduardo,8,10.428,0.329,10.318,0,0.11,78.814
Vickie,908,92.181,5.286,0.771,0.11,0.22,1.432
Robyn,886,95.585,2.208,1.104,0,0.331,0.773
Willie,10,18.868,75.916,2.553,0.111,0.333,2.22
Eva,887,67.595,5.234,5.902,0.223,0.223,20.824
Tonya,898,83.519,14.699,0.445,0.223,0.223,0.891
June,773,84.058,6.243,8.138,0.111,0.111,1.338
Angel,362,22.635,3.716,4.279,0.225,0,69.144
Marcus,5,74.745,18.686,2.378,0.227,0.113,3.851
Kelli,874,95.795,2.727,0.568,0.227,0.227,0.455
Arlene,878,84.852,5.581,4.67,0.228,0,4.67
Esther,871,52.961,10.364,10.364,0.569,0.228,25.513
Josephine,875,69.486,8.686,9.829,0.457,0.114,11.429
Sonia,862,36.655,7.675,9.393,0.115,0.115,46.048
Ronnie,35,78.506,13.678,2.529,0.115,0.345,4.828
Gene,31,89.862,4.378,4.147,0.115,0.23,1.267
Adrian,74,49.249,11.098,2.659,0.347,0.347,36.301
Karla,848,80.233,4.302,0.581,0,0.349,14.535
Ross,4,95.449,0.467,2.334,0.35,0,1.4
Edgar,9,38.778,3.878,6.58,0.47,0.235,50.059
Kara,836,96.539,1.313,1.193,0.119,0.119,0.716
Kari,828,98.086,0.598,0.598,0.12,0,0.598
Olga,815,53.43,1.805,1.444,0,0,43.321
Jackie,526,87.711,4.819,4.578,0.482,0.482,1.928
Vivian,817,62.726,14.113,13.631,0.241,0,9.288
Alejandro,11,6.943,0.122,2.801,0,0,90.134
Armando,7,9.838,0.249,5.729,0.125,0,84.06
Candace,799,90.773,7.107,1.122,0.249,0,0.748
Rene,118,48.125,2.625,4,0.125,0.25,44.875
Glenda,799,81.477,9.512,2.503,0.375,0.125,6.008
Krista,794,98.111,0.504,0.504,0,0,0.882
Gretchen,793,96.974,1.513,0.378,0.126,0.252,0.757
Salvador,9,5.044,0.126,2.9,0.126,0,91.803
Bridget,779,92.94,5.006,0.642,0,0,1.412
Gilbert,5,56.757,4.633,5.148,0.386,0.129,32.947
Becky,769,93.498,0.78,3.511,0,0.13,2.081
Marion,422,86.476,10.923,0.65,0.26,0,1.691
Claire,763,94.141,1.693,2.995,0,0.13,1.042
Meredith,763,97.262,1.565,0.652,0.13,0,0.391
Darryl,9,69.016,26.064,3.324,0.532,0.399,0.665
Calvin,3,58.611,25.768,14.686,0.134,0.134,0.668
Brooke,740,97.312,1.344,0.403,0.134,0.134,0.672
Grant,2,96.102,0.806,2.823,0,0,0.269
Julio,3,7.278,0.539,2.022,0.135,0,90.027
Kristy,740,95.676,1.486,2.027,0,0.135,0.676
Sam,6,73.04,4.539,19.257,0.138,0,3.026
Franklin,7,74.827,9.129,6.639,0.138,0.277,8.99
Nathaniel,2,73.721,22.545,1.936,0.277,0.138,1.383
Clarence,5,67.129,27.462,4.438,0.277,0.277,0.416
Traci,714,93.065,4.577,1.664,0.139,0,0.555
Terrence,5,86.908,9.471,2.646,0.139,0.279,0.557
Nina,710,83.52,4.749,7.682,0.279,0.279,3.492
Arturo,7,7.972,0,4.755,0,0.14,87.133
Ivan,8,60.364,4.902,6.583,0,0,28.151
Elena,707,65.028,0.983,6.461,0.14,0.281,27.107
Shaun,17,92.384,3.808,2.539,0.141,0.423,0.705
Jordan,190,96.751,0.706,0.989,0.141,0.141,1.271
Eleanor,707,82.603,7.355,6.223,0,0.283,3.536
Cecilia,699,48.011,2.273,12.074,0.142,0.142,37.358
Tommy,5,73.826,8.819,13.087,0.711,0,3.556
Karin,680,96.581,0.427,0.997,0.142,0,1.852
Daryl,89,86.552,9.156,3.147,0.143,0,1.001
Marian,664,89.24,5.308,3.73,0.143,0.143,1.435
Miriam,696,63.649,3.592,2.73,0.144,0.144,29.741
Jacquelyn,690,86.331,10.791,0.719,0.144,0,2.014
Eddie,8,50.144,24.64,12.248,0.144,0.288,12.536
Nelson,3,46.398,3.746,11.527,0.576,0.144,37.608
Alfredo,6,10.771,0.728,7.86,0,0,80.64
Lydia,687,65.357,6.987,7.424,0.146,0,20.087
Pauline,687,76.71,11.645,7.715,0,0.146,3.785
Cesar,6,7.048,0.147,8.957,0,0,83.847
Teri,681,93.979,2.056,1.615,0.441,0.147,1.762
Lillian,668,68.639,9.911,9.024,0.148,0.148,12.13
Alberto,10,11.128,0.445,6.825,0.297,0,81.306
Guadalupe,509,4.748,0,0.445,0,0,94.807
Marco,4,33.828,1.78,1.335,0,0,63.056
Shari,674,95.252,2.077,1.335,0,0.297,1.039
Bernadette,672,75,8.929,6.845,0.298,0.446,8.482
Luke,1,94.048,0.595,4.167,0.149,0.149,0.893
Kelley,628,97.91,1.045,0.597,0.299,0,0.149
Trevor,2,92.204,5.697,0.9,0,0.3,0.9
Jana,666,96.096,1.351,0.15,0.601,0.15,1.652
Enrique,3,6.383,0,4.255,0,0,89.362
Cassandra,653,75.725,20,1.527,0,0,2.748
Annie,654,44.954,30.887,20.031,0.153,0.459,3.517
Evan,13,94.931,1.229,1.997,0,0.154,1.69
Juanita,637,54.954,19.659,2.477,0.31,0.774,21.827
Adrienne,637,83.385,12.733,1.553,0.155,0.155,2.019
Katrina,636,81.918,13.522,1.572,0.157,0.786,2.044
Maryann,636,95.912,0.786,1.258,0.157,0.157,1.73
Melody,634,89.748,2.997,3.785,0.473,0,2.997
Doreen,633,89.415,5.213,2.054,0.316,0.316,2.686
Colin,4,94.462,3.006,2.057,0,0.158,0.316
Janis,631,93.661,2.853,2.694,0,0.158,0.634
Edith,624,69.551,9.455,4.006,0.16,0.16,16.667
Gwendolyn,622,54.18,43.087,1.125,0,0.482,1.125
Priscilla,617,70.323,11.452,6.29,0.161,0.161,11.613
Leigh,586,96.602,1.456,1.294,0.162,0,0.485
Aimee,611,93.453,0.327,3.11,0.164,0.164,2.782
Alma,597,31.588,7.201,5.074,0,0,56.137
Gerardo,3,8.458,0,5.307,0,0,86.235
Irma,591,20.3,3.827,2.163,0,0,73.71
Andre,4,56.928,33.723,3.339,0.167,0.334,5.509
Bethany,597,96.995,1.169,0.668,0.167,0.334,0.668
Derrick,2,55.351,35.117,5.686,0.502,0.334,3.01
Leticia,589,16.89,1.338,6.187,0,0.334,75.251
Margarita,584,22.241,1.171,3.512,0.167,0,72.91
Mildred,597,69.179,17.923,4.69,0.168,0.335,7.705
Tricia,596,92.282,3.02,2.181,0.168,0.336,2.013
Clayton,2,93.613,2.689,2.689,0.336,0.336,0.336
Lucy,587,68.908,5.378,9.748,0.672,0,15.294
Perry,26,88.571,7.059,2.857,0,0.168,1.345
Ken,20,71.695,1.356,26.102,0,0,0.847
Byron,2,77.419,11.375,4.075,0.17,0,6.961
Laurel,579,96.2,1.554,1.036,0.345,0.345,0.518
Dominic,12,89.199,1.568,4.355,0,0,4.878
Ernesto,6,7.666,0.871,13.763,0,0,77.7
Nora,568,68.586,3.839,7.155,0,0.349,20.07
Brittany,567,95.079,3.339,0.879,0,0,0.703
Blake,26,97.002,1.058,1.235,0,0,0.705
Noel,171,62.367,4.24,13.604,0.177,0.177,19.435
Meghan,563,98.407,0,0.354,0,0,1.239
Georgia,563,86.323,9.236,0.888,0.355,0,3.197
Roxanne,561,85.74,6.239,3.209,0.357,0,4.456
Darin,12,95.707,1.431,1.789,0.179,0.537,0.358
Marina,555,68.157,0.358,5.725,0.179,0.179,25.403
Patti,558,96.595,0.538,1.971,0.179,0,0.717
Silvia,557,23.698,1.257,1.077,0.359,0,73.609
Andy,7,52.793,1.622,38.559,0.721,0,6.306
Cameron,25,94.937,2.532,1.627,0.362,0,0.542
Rosemarie,552,81.884,3.261,6.341,0.543,0,7.971
Lynette,551,87.114,7.26,3.448,0,0,2.178
Tami,551,96.37,0.726,1.089,0,0.181,1.633
Maurice,4,63.636,31.091,1.818,0,0,3.455
Sandy,511,70.492,2.186,19.49,0,0.546,7.286
Janine,548,94.343,3.285,1.277,0,0.182,0.912
Belinda,533,70.295,14.207,4.613,0,0.738,10.148
Cristina,533,50.649,1.299,10.946,0,0.186,36.92
Brandi,536,90.875,5.773,0.372,0,0.372,2.607
Candice,534,86.778,6.145,3.724,0.186,0.559,2.607
Christie,534,93.258,2.434,2.06,0,0,2.247
Emma,530,54.511,14.098,6.203,0.752,0,24.436
Mathew,2,85.633,0.567,11.909,0.189,0.189,1.512
Marshall,6,90.684,6.084,1.711,0.19,0.19,1.141
Brendan,2,97.901,0.191,0.954,0.191,0,0.763
Therese,524,95.229,0.763,2.29,0,0.573,1.145
Sabrina,520,75.335,14.34,4.015,0.382,0.191,5.736
Stacie,515,95,2.308,0.962,0,0,1.731
Luz,500,9.827,0.193,7.322,0.193,0,82.466
Kellie,514,95.946,1.544,0.965,0.386,0.386,0.772
Brandy,508,90.716,3.482,0.967,0.387,0.967,3.482
Ramona,517,64.41,6.576,3.868,0.193,0.193,24.758
Lonnie,24,87.403,10.465,0.775,0.388,0.194,0.775
Ali,211,72.763,4.28,19.455,0.973,0.584,1.946
Cathleen,512,97.852,0,0.391,0,0.195,1.563
Kirsten,508,98.63,0.196,0.391,0.196,0,0.587
Rodolfo,5,7.466,0,14.735,0,0.393,77.407
Kerri,500,97.835,0.591,0.591,0,0,0.984
Ruby,496,53.057,24.063,12.623,0.394,0,9.862
Antoinette,505,76.238,15.446,1.584,0.198,0.594,5.941
Florence,505,75.248,13.861,8.515,0.396,0,1.98
Patsy,505,90.693,5.347,1.584,0.594,0,1.782
Alexandra,500,85.516,1.19,1.984,0.198,0.397,10.714
Vicky,482,84.325,1.587,9.325,0.198,0.397,4.167
Betsy,503,91.451,1.59,2.783,0.199,0,3.976
Mindy,501,91.218,0.2,6.587,0.2,0,1.796
Misty,501,96.407,1.796,0.2,0.399,0.2,0.998
Marla,499,92.184,3.808,1.202,0,0.401,2.405
Susanne,498,97.992,0.201,0.803,0,0,1.004
Cody,7,96.781,1.207,1.006,0.201,0.201,0.604
Jeremiah,1,92.339,4.032,1.411,0,0.403,1.815
Sonya,494,71.862,18.219,2.632,0,0.81,6.478
Dina,484,84.584,2.231,2.84,0.406,0,9.939
Loren,315,94.726,1.623,1.42,0.203,0.203,1.826
Laurence,40,93.279,3.462,2.24,0.204,0,0.815
Adriana,484,35.992,0.818,0.613,0.204,0,62.372
Blanca,481,7.975,0.204,0.613,0,0,91.207
Dwayne,4,74.795,23.156,0.82,0.41,0,0.82
Naomi,484,75.82,7.992,8.197,0.41,0.205,7.377
Reginald,3,31.417,63.655,2.669,0,0.411,1.848
Angelo,7,84.774,3.086,1.44,0.206,0,10.494
Jo,453,93.827,2.675,1.44,0.412,0.206,1.44
Andres,5,12.656,0.415,2.905,0.207,0,83.817
Gustavo,3,9.129,0.207,0.415,0,0,90.249
Julian,11,53.222,8.108,5.405,0,0.416,32.848
Dianna,479,88.1,5.428,1.044,0.209,0.209,5.01
Kristie,479,94.363,1.253,2.923,0.209,0.209,1.044
Rochelle,479,83.716,12.944,1.879,0,0,1.461
Ginger,478,94.77,2.092,1.674,0.628,0.209,0.628
Whitney,470,95.388,2.516,1.258,0.21,0,0.629
Garrett,1,92.437,2.311,3.782,0.21,0,1.261
Delores,474,68.776,27.004,0,0.844,0.633,2.743
Cara,473,95.56,2.326,0.846,0,0.634,0.634
Paulette,472,79.025,16.102,2.119,0.847,0.424,1.483
Kendra,467,91.064,7.234,0.638,0.213,0.426,0.426
Kris,130,92.934,0.428,5.139,0,0.214,1.285
Rachael,460,91.126,2.165,1.082,0.216,0.216,5.195
Debora,461,91.323,4.989,0.651,0,0.434,2.603
Janelle,461,91.974,3.688,1.735,0.217,0,2.386
Lucille,461,81.562,9.328,1.952,0.217,0,6.941
Edna,460,61.087,12.609,13.478,0.435,0.435,11.957
Kimberley,459,91.503,5.447,1.089,0,0.436,1.525
Monique,454,62.882,24.017,3.712,0,1.092,8.297
Billie,354,89.912,5.921,1.096,0.219,0.658,2.193
Terrance,4,81.579,15.132,2.412,0,0.439,0.439
Angelica,449,24.724,0.442,3.311,0.221,0,71.302
Omar,2,21.854,7.506,5.74,0,0.442,64.459
Alexis,396,77.655,5.088,2.876,0,0.221,14.159
Randal,17,95.344,1.109,1.996,0.443,0,1.109
Patrice,431,85.333,13.111,0.222,0,0,1.333
Olivia,447,47.661,6.682,7.795,0.445,0.223,37.194
Elisabeth,448,96.205,0.223,0.67,0.223,0,2.679
Felicia,446,56.027,33.259,2.455,0.446,0.223,7.589
Gladys,446,41.704,18.834,5.381,0,0,34.081
Jessie,209,61.798,17.079,11.011,0.225,0.225,9.663
Kristopher,2,96.404,1.124,0.899,0.225,0,1.348
Lana,445,93.708,2.472,2.697,0,0.225,0.899
Lucas,1,90.315,0.225,1.577,0.225,0,7.658
Cheri,442,95.701,2.715,0.679,0,0,0.905
Amelia,439,61.731,5.467,10.706,0,0,22.096
Bertha,439,25.285,12.073,0.911,0.228,0,61.503
Yvette,436,53.986,21.412,1.595,0.228,0,22.779
Isaac,1,52.283,16.21,5.708,0.457,0.228,25.114
Lesley,413,91.324,3.425,2.283,0.457,0.457,2.055
Young,135,2.746,0.229,96.796,0,0.229,0
Drew,18,97.706,0.459,0,0,0,1.835
Pablo,4,7.816,0.23,5.977,0,0.23,85.747
Jennie,433,79.908,2.54,9.931,0.462,0.462,6.697
Spencer,16,88.915,6.005,4.619,0.231,0,0.231
Darla,432,96.759,1.389,0.463,0,0,1.389
Isabel,421,33.875,0.696,4.64,0.232,0,60.557
Clara,425,60.233,14.884,4.651,0,0,20.233
Jeannette,427,84.075,4.45,1.874,0.234,0,9.368
Stefanie,426,93.662,2.347,1.878,0,0.235,1.878
Cary,97,90.78,2.128,4.965,0,0.709,1.418
Jayne,423,95.508,0.473,2.128,0,0.709,1.182
Kate,422,93.365,2.844,3.081,0,0,0.711
Lora,421,94.537,2.85,0.475,0.475,0.238,1.425
Abigail,415,81.579,1.435,4.785,0,0,12.201
Bret,3,98.321,1.199,0,0.24,0,0.24
Morgan,360,93.51,1.683,3.846,0.24,0,0.721
Abraham,1,47.7,7.748,12.349,1.453,0,30.751
Nadine,411,81.752,11.192,4.623,0.243,0.487,1.703
Nichole,408,87.805,9.512,0.488,0,0.488,1.707
Vera,410,74.634,17.561,4.146,0.244,0.244,3.171
Francine,409,86.308,8.802,1.222,0.244,0.489,2.934
Bobbie,355,80.835,15.725,0.491,0.737,0.491,1.72
Sidney,146,81.572,13.268,3.931,0.246,0,0.983
Sonja,407,85.995,11.057,1.229,0.246,0.246,1.229
Jimmie,17,78.818,17.488,1.232,0,0.246,2.217
Elisa,404,65.842,1.98,6.436,0.248,0,25.495
Trisha,404,95.05,1.238,1.485,0.248,0,1.98
Shawna,400,95.025,1.99,0.746,0.498,0,1.741
Cherie,401,93.017,2.244,1.995,0,0,2.743
Keri,395,97.5,0.5,0.75,0,0.25,1
Hong,281,1.508,0,97.739,0,0.251,0.503
Thelma,395,55.696,21.266,8.608,0,0.506,13.924
Austin,7,89.086,5.076,5.076,0,0.508,0.254
Hannah,392,81.726,3.553,12.944,0.254,0.254,1.269
Jeannie,393,82.952,1.272,10.941,0,0.254,4.58
Leanne,393,95.929,0.254,1.527,0.254,0.254,1.781
Mona,392,75.51,6.378,13.52,0,0.255,4.337
Ronda,392,95.918,2.806,0,0,0.255,1.02
Stella,392,57.653,12.755,14.796,0.255,1.276,13.265
Ingrid,391,73.657,8.951,3.581,0,0.767,13.043
Raquel,384,32.308,4.615,5.897,0,0.513,56.667
Denis,43,91.003,2.057,2.828,0.257,0,3.856
Lorena,384,26.289,0.515,1.546,0.515,0,71.134
Celeste,387,83.463,5.943,4.393,0.258,0,5.943
Corinne,387,94.057,1.55,2.584,0,0,1.809
Rebekah,385,96.382,1.034,1.034,0,0,1.55
Dora,386,38.86,7.772,4.663,0.259,0,48.446
Sherrie,386,90.933,6.218,1.295,0.259,0,1.295
Camille,383,87.532,6.753,2.338,0,0.26,3.117
Dena,385,93.766,3.377,1.039,0.26,0,1.558
Faith,381,88.021,5.99,3.385,0.521,0.26,1.823
Lourdes,373,20.573,1.563,15.625,0,0.26,61.979
Tracie,372,90.339,6.789,1.567,0,0.261,1.044
Juana,372,10.733,1.571,1.309,0,0,86.387
Joni,363,94.226,2.1,2.625,0,0,1.05
Hilda,380,40,3.947,2.368,0,0.526,53.158
Angie,379,77.573,2.639,9.499,0,0,10.29
Gwen,376,92.287,3.191,2.926,0.266,0.266,1.064
Hugo,4,17.021,0,1.596,0,0,81.383
Christa,375,98.133,1.067,0,0,0,0.8
Marta,375,55.733,0.8,0,0.533,0,42.933
Paige,373,96.8,1.067,1.333,0,0.267,0.533
Nicolas,1,51.872,1.337,2.674,0,0,44.118
Thanh,106,1.34,0,98.123,0,0.268,0.268
Natasha,371,68.817,23.387,3.226,0.269,0.269,4.032
Jeanine,371,93.531,5.391,0.539,0,0.27,0.27
Katharine,370,97.027,0.811,1.351,0,0.541,0.27
Iris,364,53.388,10.569,7.588,0.542,0.542,27.371
Beatrice,368,61.957,19.293,3.804,0.815,0,14.13
Charlie,66,54.372,23.224,15.027,0.273,0,7.104
Johanna,359,83.791,2.473,4.121,0.275,0.275,9.066
Rosalie,364,83.516,1.648,3.846,0.549,0,10.44
Rogelio,3,3.306,0,15.978,0,0,80.716
Jenna,359,95.833,0.833,1.389,0,0,1.944
Jodie,328,96.927,0.838,1.955,0,0,0.279
Carey,144,96.348,1.685,1.685,0,0,0.281
Celia,353,51.275,2.833,4.816,0,0.283,40.793
Agnes,352,67.898,10.795,17.614,0.568,0,3.125
Jaclyn,350,95.739,0.852,1.705,0.568,0,1.136
Jocelyn,346,62.751,10.888,22.35,0,0.573,3.438
Kenny,4,54.885,4.023,37.356,0.287,0.575,2.874
Roman,3,72.965,1.163,1.163,0.291,0.291,24.128
Ira,28,88.27,9.677,0.88,0.293,0,0.88
Mandy,341,89.443,0.587,7.038,0.293,0,2.639
Marguerite,340,87.647,7.059,1.471,0.882,0.294,2.647
Stewart,8,93.824,2.353,2.647,0,0,1.176
Lucia,331,46.608,2.36,7.375,0,0,43.658
Van,51,46.313,5.015,46.608,0,0.295,1.77
Alisa,338,86.686,7.396,3.846,0,0,2.071
Marisa,337,82.196,2.374,2.671,0,0,12.76
Staci,334,95.21,1.796,1.796,0,0,1.198
Maxine,333,70.571,24.324,1.802,0.601,0,2.703
Rolando,4,9.063,0,24.471,0,0,66.465
Darcy,301,96.97,0.606,0.303,0.909,0,1.212
Lorna,330,74.242,11.212,12.424,0.606,0.303,1.212
Rachelle,330,91.515,2.424,2.424,0,0,3.636
Desiree,327,71.429,12.462,3.343,0.304,0.912,11.55
Faye,329,81.459,10.638,6.687,0.304,0,0.912
Abel,3,12.844,2.141,2.446,0,0,82.569
Myrna,327,59.939,4.281,16.82,0,0.917,18.043
Cecil,6,79.141,17.485,1.534,0,0.307,1.534
Taylor,171,95.399,1.227,1.84,0,0,1.534
Gale,188,89.538,6.462,2.462,0.308,0,1.231
Julianne,325,96,0.615,2.769,0.308,0,0.308
Jillian,322,95.679,1.543,1.543,0,0,1.235
Toby,26,92.901,2.778,2.16,0.309,0,1.852
Devin,58,89.164,5.882,3.406,0.31,0,1.238
Janette,318,83.282,3.096,4.025,0,0,9.598
Lara,318,95.975,0.619,0.929,0.31,0,2.167
Myra,322,76.708,9.627,6.832,0.311,0,6.522
Alyssa,320,91.9,0.312,2.804,0,0.312,4.673
Jeri,307,94.704,1.558,1.558,0.312,0,1.869
Elise,320,93.75,3.438,1.25,0.313,0.313,0.938
Erick,5,61.875,4.063,3.75,0.313,0,30
Bernice,308,65.204,26.332,2.508,0,0,5.956
Marcos,2,11.599,0.94,1.881,0,0.313,85.266
Margie,319,80.878,11.599,2.194,0,0,5.329
Wilma,319,75.549,13.166,6.583,0.313,0,4.389
Wilson,6,41.509,9.119,25.786,0,0.314,23.27
Trudy,314,93.949,3.503,1.592,0,0,0.955
Marcella,313,84.345,6.39,1.597,0,0,7.668
Shelby,284,92.971,5.112,0.319,0,0.319,1.278
Irina,312,95.833,0,1.923,0,0,2.244
Stephan,2,95.513,2.244,0.962,0.321,0,0.962
Rudy,9,42.581,3.226,10,0.645,0.323,43.226
Bonita,309,86.084,11.65,0.971,0,0,1.294
Marcy,309,96.117,0.971,0.324,0,0,2.589
Rosario,242,22.078,0,17.532,0,0,60.39
Trina,308,76.623,15.909,3.247,0.325,0.325,3.571
Lucinda,306,89.542,4.575,2.288,0,0.327,3.268
Madeline,304,85.621,5.556,2.288,0,0.654,5.882
Johnnie,42,59.211,36.184,0.329,0.658,0.329,3.289
Orlando,1,12.829,9.539,8.553,0.658,0.329,68.092
Jeannine,302,97.351,1.987,0.662,0,0,0
Genevieve,301,81.728,3.654,5.316,0.997,0,8.306
Karyn,301,95.349,1.661,2.658,0,0,0.332
Nikki,289,82.724,6.312,5.98,0.664,0,4.319
Noreen,301,90.698,1.661,5.98,0.332,0,1.329
Li,184,1.333,0,98,0,0,0.667
Randi,293,95.973,2.349,0.336,0,0,1.342
Delia,296,31.081,3.041,10.135,0,0.338,55.405
Hope,296,83.446,9.797,1.014,0,0,5.743
Emmanuel,1,28.475,27.458,19.322,0,0,24.746
Joey,17,77.627,2.373,11.864,0,0,8.136
Marty,28,93.559,3.39,0.678,0,0.339,2.034
Gabriela,290,36.395,0.34,0,0.34,0.34,62.585
Malcolm,1,86.054,12.245,1.701,0,0,0
Sheldon,8,85.714,10.544,3.401,0,0,0.34
Angelina,292,50.342,3.425,10.959,0.685,0.342,34.247
Elsa,291,32.99,4.124,6.529,0.344,0,56.014
Susana,286,21.993,1.031,8.935,0,0,68.041
Saul,3,28.621,1.379,0,0,0,70
Harriet,289,83.737,11.419,3.806,0,0.346,0.692
Janie,289,74.394,10.727,4.844,1.038,0,8.997
Shauna,288,92.361,6.25,1.042,0,0,0.347
Lena,287,74.216,11.498,9.408,0.697,0,4.181
Josefina,285,8.772,0.351,16.14,0,0.351,74.386
Monika,285,87.368,1.404,8.772,0.351,0.351,1.754
Patty,284,88.732,1.761,8.099,0.352,0,1.056
Hazel,283,67.491,20.848,7.774,0.353,1.767,1.767
Israel,5,22.968,2.827,1.413,0.353,0,72.438
Jolene,283,93.993,1.413,2.12,0.353,0,2.12
Margo,283,91.519,5.654,0,0,0,2.827
Micah,42,93.972,3.191,2.128,0,0,0.709
Mercedes,277,24.911,4.27,7.117,0,0,63.701
Rickey,4,84.698,13.879,0.712,0,0.356,0.356
Tammie,281,86.477,9.253,2.135,0.356,0,1.779
Hilary,278,98.214,0.357,0.714,0.357,0.357,0
Helene,279,94.265,2.151,2.509,0,0,1.075
Nanette,279,88.172,2.867,6.452,0,0,2.509
Ethel,278,60.791,28.777,5.036,0.719,0.36,4.317
Lorenzo,1,21.3,18.773,6.137,0.361,0,53.43
Jin,130,4,0,95.273,0,0,0.727
Caryn,274,96.715,0.73,1.095,0,0.365,1.095
Jenifer,274,97.08,1.46,0,0.365,0,1.095
Antonia,247,42.491,5.495,3.663,0.733,0.366,47.253
Ida,273,64.103,15.018,6.593,0.733,0.366,13.187
Graham,2,97.426,1.838,0.368,0.368,0,0
Blair,168,97.048,2.214,0.369,0,0,0.369
Leann,271,92.62,1.107,2.214,0.738,0.369,2.952
Lorie,269,91.822,3.717,1.487,0,0.372,2.602
Marissa,266,76.119,2.612,9.701,0,0.373,11.194
Preston,1,85.075,10.448,2.985,0.746,0.373,0.373
Beatriz,267,16.479,0.749,3.745,0,0,79.026
Sophia,265,56.18,14.232,17.228,0,0,12.36
Marci,266,95.113,1.128,1.128,0,0.376,2.256
Daisy,262,29.057,10.943,22.264,0,0.755,36.981
Lea,264,88.258,1.515,7.955,0,0,2.273
Noah,1,92.045,2.273,3.409,0.379,0.379,1.515
Abby,262,94.656,1.527,2.29,0,0,1.527
Chelsea,259,95,1.154,2.308,0,0,1.538
Christi,259,96.525,0,1.544,0.386,0,1.544
Penelope,259,94.595,1.544,2.317,0.386,0.386,0.772
Deanne,258,96.899,0.388,1.938,0.388,0,0.388
Lily,258,30.233,1.163,60.465,0,0.388,7.752
Maribel,254,12.403,0,6.202,0,0,81.395
Ethan,0,94.163,0.389,3.502,0,0.389,1.556
Leonardo,2,21.401,0.389,12.84,0,0,65.37
Forrest,2,95.313,3.125,1.172,0,0,0.391
Graciela,248,14.063,0.391,0,0,0,85.547
Allyson,253,96.078,3.137,0.784,0,0,0
Jonathon,1,95.686,0.784,1.176,0,0,2.353
Colette,254,90.945,7.48,0.787,0,0.394,0.394
Dixie,253,96.443,1.581,0.395,0.395,0,1.186
Kayla,251,92.857,1.984,3.571,0,0,1.587
Kendall,106,91.235,6.375,1.594,0,0,0.797
Dominick,4,94.8,1.2,1.6,0,0.4,2
Sondra,250,90.8,7.2,1.6,0,0,0.4
Leland,4,91.165,2.41,6.024,0,0,0.402
Rory,19,93.145,3.226,1.613,0,0,2.016
Pierre,4,59.919,28.745,6.073,0.405,0.81,4.049
Robbie,48,87.854,10.931,0.405,0,0,0.81
Tania,240,69.796,2.857,4.898,0,0,22.449
Donnie,6,83.197,13.115,2.049,0.82,0,0.82
Wendi,244,96.721,0.41,1.639,0,0,1.23
Carolina,240,23.967,1.24,9.917,0,0,64.876
Kimberlee,242,95.868,0.413,2.066,0.413,0,1.24
Marcie,242,94.215,0.826,2.066,0,0,2.893
Deana,240,93.75,3.333,0.833,0,0,2.083
Heath,2,97.5,1.25,0.417,0.417,0.417,0
Elvira,239,30.962,3.766,14.644,0,0.418,50.209
Shana,236,90.795,6.276,1.674,0.418,0,0.837
Ming,66,1.681,0,97.059,0,0.42,0.84
Ella,237,67.511,25.738,3.797,1.266,0,1.688
Bryce,3,95.763,0.847,2.542,0,0,0.847
Clare,236,94.492,1.271,2.542,0,0.424,1.271
Caleb,0,96.17,0.426,0.851,0.426,0,2.128
Mayra,230,11.489,0.426,0,0.426,0,87.66
Magdalena,234,46.154,0.427,6.838,0,0.427,46.154
Kelvin,1,28.448,40.517,25.431,0.431,0,5.172
Ty,4,83.478,1.739,13.913,0.435,0,0.435
Dee,116,89.868,2.203,3.524,0.441,0.441,3.524
Mari,227,86.344,2.203,7.489,0,0,3.965
Yu,125,2.203,0,97.357,0,0,0.441
Eugenia,226,70.796,6.195,4.425,0,0,18.584
Min,108,1.327,0,98.673,0,0,0
Summer,226,94.69,2.655,1.77,0,0,0.885
Natalia,225,72.889,2.222,2.222,0.444,0,22.222
Alissa,224,95.536,1.786,0.893,0.446,0,1.339
Cecelia,224,82.143,10.268,2.232,0,0,5.357
Chi,149,2.679,0,97.321,0,0,0
Maura,224,88.839,0,1.339,0,0.446,9.375
Miranda,222,84.305,5.83,5.381,0,0,4.484
Phuong,179,2.242,0,96.861,0,0.897,0
Eunice,222,43.694,22.523,21.622,0.901,0,11.261
Polly,222,92.793,1.351,4.955,0,0,0.901
Damian,2,72.851,7.24,1.81,0,0,18.1
Elsie,221,66.968,14.027,6.787,0.905,0.452,10.86
Helena,221,75.113,5.882,11.765,0.905,0,6.335
Maggie,221,64.253,8.145,21.719,0,0,5.882
Amie,220,92.727,3.636,2.273,0,0,1.364
Julius,1,53.881,27.397,10.959,0.457,0.457,6.849
Deirdre,217,93.088,6.452,0,0,0,0.461
Jami,210,97.696,1.382,0.461,0,0,0.461
Martina,217,63.594,4.147,1.843,0,0,30.415
Krystal,214,80.93,12.558,0.465,0.465,0.465,5.116
May,194,27.442,2.791,68.372,0,0,1.395
Aida,214,37.85,0.935,15.421,0,0,45.794
