MICHAEL,59532,94.363,2.142,1.592,0.092,0.118,1.693
JOHN,51696,94.384,1.729,1.932,0.124,0.101,1.729
DAVID,48307,92.808,1.393,2.393,0.106,0.077,3.223
ROBERT,48260,94.511,2.161,0.924,0.128,0.137,2.138
JAMES,45722,94.016,3.279,1.472,0.116,0.118,1
WILLIAM,31935,94.523,2.558,1.3,0.103,0.119,1.397
RICHARD,29033,93.697,1.409,1.801,0.079,0.145,2.869
THOMAS,27408,95.917,1.31,1.569,0.113,0.117,0.974
MARK,23920,96.338,1.175,1.054,0.063,0.1,1.271
MARY,23598,92.351,3.327,1.526,0.174,0.114,2.509
JOSEPH,22172,92.139,2.553,2.12,0.144,0.108,2.936
DANIEL,20876,90.491,1.15,1.859,0.172,0.139,6.189
CHRISTOPHER,20768,94.544,1.998,1.401,0.125,0.144,1.786
SUSAN,19604,96.281,0.5,1.872,0.082,0.148,1.117
JENNIFER,19356,94.436,1.199,2.216,0.072,0.134,1.943
STEVEN,18797,95.271,1.181,2.054,0.074,0.069,1.351
JEFFREY,18401,96.739,1.022,1.315,0.109,0.125,0.69
BRIAN,18306,96.182,1.338,1.59,0.098,0.076,0.716
PAUL,17354,93.143,1.452,3.066,0.109,0.092,2.138
PATRICIA,16894,90.067,3.919,0.787,0.136,0.154,4.937
CHARLES,16262,91.379,5.547,1.494,0.16,0.191,1.23
LINDA,16217,92.674,3.114,1.899,0.08,0.136,2.097
MATTHEW,15316,97.349,0.679,0.783,0.078,0.091,1.019
KAREN,14904,94.706,2.456,1.516,0.074,0.081,1.167
SCOTT,14744,98.311,0.271,0.868,0.061,0.061,0.427
KEVIN,14705,92.962,2.836,3.237,0.061,0.088,0.816
LISA,14621,93.639,2.346,1.662,0.109,0.116,2.127
TIMOTHY,14467,96.274,1.763,1.044,0.138,0.09,0.691
STEPHEN,13940,96.291,1.112,1.729,0.057,0.05,0.76
BARBARA,12854,93.068,4.551,0.583,0.093,0.078,1.626
ELIZABETH,12737,90.547,1.523,1.759,0.102,0.102,5.967
KENNETH,12501,92.305,4.224,2.168,0.088,0.152,1.064
GARY,12141,95.396,1.68,1.903,0.091,0.132,0.799
DONALD,12058,95.057,3.251,0.722,0.166,0.083,0.722
RONALD,11915,92.396,4.029,1.586,0.201,0.176,1.611
JASON,11815,93.542,1.574,2.861,0.161,0.195,1.667
NANCY,11532,93.158,0.85,2.185,0.113,0.104,3.59
MARIA,11196,34.521,0.902,5.323,0.018,0.107,59.128
ANDREW,10945,93.212,1.69,3.07,0.11,0.037,1.882
KATHLEEN,10868,97.654,0.515,0.837,0.092,0.129,0.773
ERIC,10840,89.53,3.727,3.496,0.129,0.148,2.97
DEBORAH,10652,93.945,3.652,0.676,0.094,0.141,1.493
GREGORY,10488,93.965,3.871,0.896,0.086,0.114,1.068
ANTHONY,10335,84.161,7.199,3.154,0.174,0.213,5.099
EDWARD,10112,89.221,3.422,2.937,0.148,0.129,4.144
PETER,10054,91.675,1.144,5.043,0.099,0.099,1.94
MICHELLE,9906,90.682,3.402,2.584,0.151,0.131,3.049
SANDRA,9815,86.714,4.34,1.06,0.204,0.102,7.58
AMY,9775,95.56,0.358,2.844,0.143,0.102,0.992
KIMBERLY,9637,93.982,3.756,0.892,0.104,0.176,1.09
LAURA,9518,92.509,0.756,0.872,0.137,0.137,5.589
GEORGE,9261,86.945,4.891,3.088,0.194,0.173,4.708
CYNTHIA,9118,89.131,4.88,1.941,0.11,0.165,3.773
CAROL,9060,94.481,2.561,1.258,0.121,0.132,1.446
DONNA,8969,95.083,2.609,0.937,0.1,0.145,1.126
JULIE,8753,95.087,0.4,2.822,0.114,0.114,1.462
JOSE,8642,7.244,0.289,2.534,0.081,0.023,89.829
PATRICK,8553,93.944,2.432,2.257,0.082,0.082,1.204
DOUGLAS,8505,96.767,1.211,1.011,0.082,0.141,0.788
CHRISTINE,8298,93.444,1.386,3.097,0.06,0.108,1.904
SHARON,8151,91.302,5.766,1.877,0.172,0.147,0.736
PAMELA,8124,92.688,4.776,1.108,0.086,0.123,1.219
DENNIS,7681,93.49,1.927,2.838,0.117,0.117,1.51
DEBRA,7369,94.26,3.65,0.38,0.095,0.014,1.601
DIANE,7305,94.47,2.464,1.246,0.096,0.082,1.643
REBECCA,7229,94.052,0.83,1.369,0.124,0.138,3.486
MARGARET,7220,93.407,3.102,1.357,0.139,0.111,1.884
KELLY,7218,96.814,0.707,1.538,0.139,0.097,0.707
MELISSA,7205,93.532,1.457,1.083,0.167,0.097,3.664
LARRY,6650,90.436,5.955,1.383,0.211,0.18,1.835
FRANK,6611,86.855,2.904,2.859,0.287,0.091,7.003
RYAN,6510,95.745,0.86,2.304,0.077,0.031,0.983
SARAH,6450,93.969,1.752,2.078,0.14,0.171,1.891
ANGELA,6432,85.619,7.167,1.975,0.187,0.202,4.851
STEPHANIE,6382,91.288,4.309,1.818,0.078,0.219,2.288
JONATHAN,6381,91.835,1.912,3.51,0.078,0.172,2.492
JANET,6368,93.153,2.575,1.963,0.126,0.141,2.041
CHERYL,5915,92.764,5.224,1.099,0.085,0.169,0.659
CATHERINE,5852,93.319,2.341,2.563,0.154,0.068,1.555
HEATHER,5801,97.397,0.896,0.517,0.138,0.155,0.896
JUDITH,5763,94.76,1.544,0.746,0.174,0.174,2.603
TODD,5722,97.885,0.944,0.664,0.087,0.017,0.402
LORI,5694,96.962,0.79,1.194,0.14,0.105,0.808
KEITH,5495,92.957,4.531,1.601,0.091,0.182,0.637
JESSICA,5451,88.901,1.413,1.981,0.11,0.22,7.375
BRUCE,5348,95.568,2.113,1.384,0.206,0.112,0.617
CRAIG,5346,96.296,2.151,1.029,0.019,0.131,0.374
JOSHUA,5283,95.722,0.909,1.098,0.133,0.076,2.063
RAYMOND,5195,84.755,4.35,5.12,0.135,0.154,5.486
DENISE,5190,90.212,5.414,1.137,0.077,0.154,3.006
ANN,5151,94.855,1.573,2.446,0.097,0.116,0.912
BRENDA,5117,84.464,9.126,1.114,0.195,0.215,4.886
TERESA,5068,83.268,2.802,2.506,0.237,0.099,11.089
TERRY,4864,93.195,4.235,1.357,0.267,0.226,0.72
KATHERINE,4802,94.252,1.562,2.187,0.083,0.083,1.833
ALAN,4795,92.471,1.064,4.797,0.104,0.063,1.502
ADAM,4725,96.148,0.635,1.016,0.085,0.127,1.989
KATHRYN,4720,97.225,1.017,0.636,0.042,0.106,0.975
CAROLYN,4692,89.429,7.928,1.066,0.043,0.171,1.364
NICHOLAS,4673,95.035,1.305,1.006,0.021,0.107,2.525
LAWRENCE,4581,90.854,4.191,2.489,0.109,0.153,2.205
PHILIP,4418,92.938,1.245,4.052,0.068,0.113,1.584
AMANDA,4395,94.312,1.206,0.933,0.205,0.205,3.14
ROGER,4373,92.842,2.104,2.355,0.023,0.16,2.515
GERALD,4331,93.373,3.671,1.408,0.162,0.139,1.247
JERRY,4262,89.465,4.505,3.332,0.164,0.094,2.44
ROBIN,4258,94.246,3.687,1.104,0.141,0.047,0.775
ANNE,4239,96.037,0.896,2.147,0.142,0.047,0.731
BENJAMIN,4232,85.184,2.906,4.679,0.165,0.189,6.876
JILL,4229,98.156,0.544,0.591,0.095,0.095,0.52
ANDREA,4215,89.751,4.911,0.807,0.214,0.047,4.27
NICOLE,4188,91.141,4.99,1.194,0.096,0.143,2.436
CHRISTINA,4174,88.524,1.773,2.947,0.264,0.144,6.349
TRACY,4122,92.334,4.246,2.135,0.146,0.146,0.995
THERESA,4117,89.798,4.008,2.235,0.194,0.121,3.643
JANICE,4085,90.845,6.022,1.714,0.171,0.171,1.077
JUSTIN,4083,94.685,1.396,2.204,0.269,0.049,1.396
JOAN,4057,94.405,3.204,1.232,0.099,0.173,0.887
JUAN,4019,4.528,0.523,1.518,0.025,0,93.406
SUZANNE,3986,96.839,0.477,1.154,0,0.075,1.455
DAWN,3977,95.147,3.017,0.779,0.126,0.075,0.855
LESLIE,3964,92.634,3.633,1.615,0.151,0.177,1.791
WENDY,3963,91.648,1.615,3.76,0.126,0.05,2.801
SEAN,3934,94.509,2.364,1.957,0.127,0.178,0.864
JANE,3863,93.968,0.984,3.779,0.181,0.207,0.88
MARTIN,3840,77.656,1.068,1.615,0.104,0.026,19.531
JACQUELINE,3709,80.318,11.863,1.833,0.135,0.216,5.635
JEAN,3687,87.361,7.567,3.228,0.163,0.19,1.492
BRYAN,3686,93.625,2.116,2.821,0.027,0.054,1.356
LYNN,3651,94.412,1.616,2.821,0.164,0.055,0.931
AARON,3646,91.607,3.264,2.057,0.055,0.137,2.88
DIANA,3626,83.591,1.903,2.923,0.248,0.193,11.142
BRADLEY,3619,98.867,0.193,0.525,0.138,0.055,0.221
JEREMY,3584,96.596,1.116,0.642,0.084,0.112,1.451
KATHY,3523,93.017,2.186,2.81,0.142,0.114,1.731
PAULA,3501,92.402,3.113,0.8,0.2,0.171,3.313
MARTHA,3490,68.367,3.438,0.774,0.115,0.115,27.192
CARL,3475,90.331,6.935,1.41,0.115,0.23,0.978
MICHELE,3456,94.705,2.604,0.868,0.116,0.087,1.62
WAYNE,3455,90.478,4.718,3.849,0.087,0.174,0.695
ERIN,3413,97.949,0.469,0.439,0.117,0.088,0.938
JOYCE,3388,85.596,9.534,3.689,0.177,0.03,0.974
ANNA,3347,84.762,2.211,5.378,0.09,0.12,7.439
JUDY,3320,90.572,2.651,4.699,0.09,0.12,1.867
RUSSELL,3312,94.746,2.627,1.661,0.06,0.181,0.725
SAMUEL,3302,73.198,9.388,5.421,0.182,0.212,11.599
SHANNON,3268,95.41,2.754,0.551,0.092,0.092,1.102
JACK,3253,93.298,0.984,4.211,0.215,0.246,1.045
SHAWN,3243,94.018,3.022,1.603,0.185,0.185,0.987
KIM,3221,84.508,4.409,9.78,0.155,0.373,0.776
SARA,3165,90.869,1.074,1.169,0.126,0.063,6.698
CHAD,3153,97.716,0.793,0.825,0.19,0.032,0.444
WALTER,3147,85.796,7.69,1.875,0.032,0.095,4.512
RACHEL,3100,90.806,2.29,2.355,0.032,0.129,4.387
DALE,3068,96.415,1.858,1.043,0.098,0.098,0.489
DANA,3064,94.941,3.427,0.685,0.098,0.098,0.751
VIRGINIA,3057,83.775,3.664,2.65,0.131,0.196,9.585
PHILLIP,3023,89.613,3.97,3.01,0.198,0.232,2.977
RANDY,3010,92.757,2.027,3.09,0.166,0.133,1.827
BEVERLY,2997,87.855,9.142,1.134,0.133,0.2,1.535
SHIRLEY,2986,80.576,12.257,4.588,0.234,0.268,2.076
JAMIE,2982,94.467,1.576,1.643,0.168,0.134,2.012
JOEL,2947,84.459,1.934,2.002,0.102,0.068,11.435
TAMMY,2916,92.421,2.846,2.743,0.171,0.24,1.578
JOANNE,2914,92.862,1.784,3.329,0,0.103,1.922
ARTHUR,2902,83.115,7.099,3.377,0.103,0.138,6.168
STEVE,2897,85.399,2.209,7.214,0.242,0.104,4.833
VICTOR,2896,47.479,4.869,6.768,0.069,0.104,40.711
CARLOS,2891,13.352,1.73,2.041,0.069,0.104,82.705
JON,2888,96.157,0.727,1.904,0.139,0.069,1.004
BETTY,2875,82.296,10.47,3.965,0.139,0.174,2.957
MARILYN,2875,89.426,5.287,2.539,0.07,0.104,2.574
BONNIE,2864,96.683,1.047,1.327,0.07,0.07,0.803
NATHAN,2864,94.309,2.235,2.13,0.244,0.209,0.873
RANDALL,2812,96.728,0.996,1.387,0.071,0.107,0.711
EMILY,2809,92.026,1.709,4.201,0.142,0.249,1.673
LAURIE,2800,97.286,0.536,0.714,0.107,0.143,1.214
GLENN,2798,91.994,3.074,3.753,0.179,0.286,0.715
VINCENT,2796,81.938,5.508,8.047,0.072,0.286,4.149
HENRY,2758,66.425,9.101,14.068,0.073,0.218,10.116
VICTORIA,2754,83.515,3.74,3.704,0.327,0.29,8.424
GLORIA,2752,55.342,12.5,4.76,0.218,0.254,26.926
HELEN,2750,79.345,6.8,10.036,0.145,0.364,3.309
ELLEN,2744,94.971,1.239,2.915,0.109,0.036,0.729
RUTH,2718,86.019,5.408,2.134,0.184,0.147,6.107
MARIE,2703,80.466,11.728,3.478,0.222,0.148,3.959
MARC,2700,94.148,2.889,0.926,0.074,0.259,1.704
LUIS,2698,11.008,0.111,1.446,0.037,0,87.398
CINDY,2692,89.747,0.854,5.906,0.111,0.037,3.343
BRANDON,2681,91.981,3.767,2.126,0.298,0.149,1.678
VALERIE,2666,86.647,7.539,1.688,0.113,0.188,3.826
TINA,2653,88.164,3.204,5.993,0.188,0.151,2.299
JAY,2625,91.962,0.838,5.219,0.267,0.305,1.41
GAIL,2620,93.473,4.16,1.641,0,0.153,0.573
KRISTIN,2586,98.26,0.503,0.657,0,0,0.58
DOROTHY,2573,82.86,13.175,1.671,0.35,0.233,1.71
LOUIS,2570,84.008,5.253,2.49,0.272,0.039,7.938
MAUREEN,2558,96.599,1.368,1.095,0.039,0.078,0.821
CONNIE,2534,89.976,2.013,4.578,0.118,0.079,3.236
COLLEEN,2533,97.789,0.711,0.671,0.197,0.039,0.592
BARRY,2515,95.149,2.903,1.034,0.119,0.199,0.596
BETH,2511,98.566,0.358,0.438,0,0.119,0.518
CHRIS,2500,91.68,1.6,4.28,0.12,0.12,2.2
LEE,2497,90.308,4.445,4.165,0.08,0.04,0.961
MONICA,2490,69.759,7.309,3.173,0.161,0.201,19.398
KYLE,2487,96.381,1.407,1.568,0.121,0.161,0.362
KRISTEN,2484,98.229,0.564,0.282,0.04,0.081,0.805
RALPH,2477,88.656,4.32,1.13,0.202,0.323,5.369
SHEILA,2474,87.146,8.569,2.061,0.04,0.364,1.819
ALBERT,2425,75.093,7.464,7.546,0.206,0.165,9.526
FREDERICK,2397,89.487,6.675,2.67,0.083,0.167,0.918
CARRIE,2385,95.22,2.264,1.216,0.126,0.126,1.048
HOLLY,2368,97.382,0.507,1.394,0.042,0.084,0.591
ELAINE,2364,87.775,4.484,5.499,0.085,0.085,2.073
HAROLD,2340,88.846,6.966,1.538,0.299,0.128,2.222
ASHLEY,2333,93.699,3.601,0.986,0.086,0,1.629
JULIA,2317,84.981,3.28,2.805,0.259,0.173,8.502
RENEE,2317,91.282,4.791,1.64,0.086,0.259,1.942
MEGAN,2296,98.301,0.479,0.436,0,0.044,0.74
LAUREN,2286,96.238,1.4,0.962,0.175,0.262,0.962
HOWARD,2259,89.154,5.755,4.338,0.089,0.089,0.575
ALEXANDER,2247,81.531,2.759,6.631,0.134,0.267,8.678
PEGGY,2234,93.778,2.731,1.611,0.269,0.269,1.343
STACY,2229,94.482,2.333,1.525,0.269,0.269,1.122
EUGENE,2189,84.651,6.67,5.71,0.046,0.183,2.741
HEIDI,2183,97.16,0.366,1.466,0.137,0,0.87
DEAN,2174,94.986,0.782,3.404,0.046,0.138,0.644
SHERRY,2170,92.442,4.194,2.212,0.138,0.092,0.922
MELANIE,2168,92.343,2.814,2.26,0.185,0.092,2.306
RODNEY,2151,86.192,9.437,2.278,0.232,0.232,1.627
STACEY,2141,93.648,3.27,1.121,0.14,0.234,1.588
GINA,2124,90.301,2.542,3.202,0.094,0.047,3.814
FRANCIS,2114,88.269,3.075,6.197,0.095,0.095,2.271
BRENT,2108,97.249,0.996,0.712,0.19,0.047,0.806
ROY,2099,85.136,5.622,5.431,0.238,0.095,3.478
RHONDA,2096,90.458,7.824,0.334,0.382,0.143,0.859
DANIELLE,2076,93.064,4.383,0.385,0.241,0,1.927
STANLEY,2032,84.843,7.037,6.644,0.049,0.295,1.132
EILEEN,2031,94.485,0.935,2.314,0.098,0.098,2.068
FRANCES,2026,83.81,5.726,2.962,0.247,0.296,6.96
ANITA,2003,76.835,7.738,8.288,0.399,0.1,6.64
MANUEL,1993,17.863,0.903,4.315,0.251,0.1,76.568
JEFFERY,1981,94.346,3.584,1.212,0.202,0.05,0.606
SALLY,1980,93.889,0.707,2.778,0.253,0.051,2.323
JESSE,1975,79.089,6.177,2.228,0.152,0.152,12.203
ANTONIO,1965,31.603,5.242,6.616,0,0.204,56.336
JACOB,1962,91.845,1.631,3.211,0.153,0.153,3.007
JORGE,1955,8.696,0.153,1.125,0,0,90.026
BRETT,1951,98.36,0.871,0.256,0.103,0.051,0.359
DANNY,1948,79.774,3.542,10.318,0.257,0.308,5.801
JEANNE,1938,96.388,0.98,1.909,0.155,0,0.568
RITA,1937,81.053,4.75,5.679,0.052,0.155,8.312
CURTIS,1926,85.774,10.903,2.129,0.104,0.519,0.571
JEFF,1924,95.218,0.572,3.067,0.156,0.104,0.884
ALICE,1923,80.135,6.292,8.164,0.208,0.312,4.888
ALLEN,1912,88.755,4.498,5.178,0.052,0.471,1.046
DEREK,1911,90.424,4.082,4.396,0.209,0.105,0.785
VICKI,1909,95.443,2.043,1.467,0.21,0,0.838
TRAVIS,1908,94.235,3.564,0.996,0.419,0.052,0.734
TROY,1890,92.381,5.556,1.058,0.106,0.053,0.847
FRANCISCO,1884,8.652,0.159,3.291,0,0,87.898
JESUS,1870,3.904,0,2.781,0.16,0,93.155
LEONARD,1857,87.291,7.001,2.1,0.108,0.269,3.231
CATHY,1856,91.756,3.071,2.909,0.054,0.162,2.047
JOANN,1852,89.849,4.698,1.998,0.216,0.324,2.916
HARRY,1839,88.309,4.84,4.568,0.272,0.163,1.849
TIFFANY,1833,82.433,10.202,5.292,0.327,0.327,1.418
TARA,1828,94.365,3.228,1.313,0.055,0.109,0.93
TERRI,1815,93.884,3.085,1.543,0.165,0.11,1.212
JOE,1804,69.013,6.874,5.155,0.222,0.166,18.57
ALLISON,1774,95.378,1.917,1.917,0,0.169,0.62
FRED,1773,87.874,4.738,3.046,0.169,0.282,3.892
MIGUEL,1768,6.165,0.566,1.131,0.113,0,92.025
TAMARA,1743,93.001,4.418,0.574,0.115,0.172,1.721
THEODORE,1742,89.782,5.97,2.526,0.23,0.172,1.32
ALICIA,1719,66.667,5.934,2.734,0.116,0.175,24.375
MARIO,1717,31.334,2.563,3.844,0.058,0.058,62.143
PHYLLIS,1697,88.038,8.25,1.591,0.236,0.471,1.414
NORMAN,1695,88.791,5.133,4.366,0.177,0.118,1.416
TONY,1692,63.002,8.57,21.099,0.355,0.059,6.915
ANNETTE,1679,82.37,9.708,1.549,0.179,0.06,6.135
CARMEN,1674,41.099,5.018,2.688,0.06,0.119,51.016
DARLENE,1674,86.738,8.781,1.254,0.299,0.06,2.867
ERIK,1674,92.533,1.314,1.016,0.119,0,5.018
KURT,1674,97.909,0.956,0.777,0,0.119,0.239
APRIL,1662,88.448,6.739,1.685,0.301,0.12,2.708
MARCIA,1658,89.807,6.092,0.603,0.06,0.241,3.197
ANA,1656,23.43,0.906,2.295,0,0.121,73.249
CARLA,1643,86.366,7.912,0.426,0.061,0.243,4.991
NATALIE,1580,89.747,4.367,1.203,0.316,0.19,4.177
MELINDA,1572,92.112,1.718,2.036,0.318,0.254,3.562
CLAUDIA,1569,64.054,3.697,1.02,0.191,0.255,30.784
KRISTINE,1566,95.275,0.447,2.81,0.064,0.255,1.149
JAIME,1561,44.971,0.448,4.933,0.128,0.192,49.327
AMBER,1557,95.055,1.991,0.771,0.193,0.128,1.863
GREG,1551,94.907,1.483,2.063,0.064,0.129,1.354
ROSE,1516,76.847,9.301,4.683,0.264,0.264,8.641
VERONICA,1500,46.667,10.2,2.8,0.2,0,40.133
NORMA,1487,55.884,6.052,3.497,0.269,0.269,34.028
EDWIN,1479,67.41,4.665,7.978,0.068,0.203,19.675
NEIL,1476,94.783,1.016,2.778,0.136,0.136,1.152
CHRISTIAN,1473,85.064,1.833,1.969,0.068,0.272,10.794
ROBERTA,1461,92.471,3.217,0.958,0.205,0.068,3.08
LORRAINE,1451,87.181,5.513,2.205,0.138,0.138,4.824
CRYSTAL,1448,82.32,10.014,2.072,0.138,0.414,5.041
ROSA,1443,20.236,4.435,2.287,0.139,0,72.904
BRAD,1434,97.908,0.976,0.349,0.418,0,0.349
REGINA,1434,78.312,12.762,2.441,0.209,0.209,6.067
KARL,1421,93.737,2.815,2.604,0.07,0.07,0.704
SYLVIA,1420,58.169,12.113,5.282,0.352,0.07,24.014
ERICA,1414,80.057,8.699,1.627,0.212,0.071,9.335
ALISON,1403,96.294,1.283,1.568,0,0.071,0.784
KERRY,1396,95.487,2.436,1.074,0.143,0.072,0.788
ERNEST,1390,75.252,11.871,3.094,0.288,0.216,9.281
DEANNA,1380,91.957,3.623,1.667,0.29,0.217,2.246
EVELYN,1379,66.497,11.313,7.832,0.218,0.435,13.706
GORDON,1379,92.966,1.668,4.423,0.363,0.145,0.435
ALEX,1371,64.406,3.136,12.983,0.219,0.292,18.964
RICK,1371,93.144,0.729,2.845,0.292,0.219,2.772
DEBBIE,1366,87.408,4.539,3.294,0.366,0.22,4.173
IRENE,1365,71.136,3.81,7.985,0.073,0.147,16.85
JOY,1362,86.564,6.241,5.727,0,0.147,1.322
JIMMY,1352,67.456,6.879,16.79,0.518,0.148,8.21
DAN,1337,87.21,1.122,9.648,0.224,0,1.795
JAN,1337,97.008,0.598,1.795,0.075,0.15,0.374
DORIS,1332,76.276,13.438,3.378,0.225,0.375,6.306
WANDA,1332,77.553,16.517,1.126,0.3,0.3,4.204
SHANE,1326,97.059,0.754,1.207,0.075,0.151,0.754
LOIS,1325,92.755,5.283,1.208,0.075,0.151,0.528
JODI,1314,97.108,0.304,1.522,0.152,0.152,0.761
ROSEMARY,1309,86.478,4.202,2.215,0.229,0,6.875
YVONNE,1296,65.278,18.364,5.247,0.54,0.386,10.185
MITCHELL,1291,93.338,2.943,1.704,0.232,0.232,1.549
GLEN,1283,94.154,1.325,3.741,0,0.078,0.701
CAROLE,1281,95.16,2.576,1.405,0,0.312,0.546
BILLY,1274,84.301,7.849,4.003,0.392,0.471,2.983
CONSTANCE,1270,91.811,5.984,0.866,0.157,0.157,1.024
CAROLINE,1255,89.482,2.869,4.303,0.159,0.239,2.948
LANCE,1254,93.222,2.073,2.951,0.399,0.159,1.196
DON,1253,87.63,3.831,7.422,0.239,0.08,0.798
TRACEY,1249,89.752,8.407,0.881,0,0.16,0.801
ROBERTO,1248,12.821,0.321,6.33,0,0,80.529
CHARLOTTE,1247,89.495,6.897,1.363,0.401,0.481,1.363
BERNARD,1244,84.486,10.209,3.376,0,0.161,1.768
DIANNE,1243,92.116,5.068,1.287,0.08,0.161,1.287
DARREN,1238,89.984,4.604,3.877,0.242,0.162,1.131
ALFRED,1237,75.829,9.054,4.689,0.081,0.162,10.186
RICARDO,1232,12.256,3.896,5.276,0,0,78.571
SUE,1229,93.409,0.814,5.045,0.163,0,0.57
JEROME,1220,82.295,12.541,3.279,0.082,0.246,1.557
WARREN,1217,86.031,7.477,5.341,0.247,0.329,0.575
SHERYL,1210,93.471,3.719,1.736,0.083,0.413,0.579
COURTNEY,1209,92.969,5.624,0.827,0.165,0.331,0.083
JARED,1200,96.25,1.083,0.667,0.25,0.583,1.167
PEDRO,1191,7.557,1.259,2.099,0.168,0.084,88.833
MARVIN,1188,75.337,14.141,3.199,0.168,0,7.155
KRISTINA,1186,94.688,1.349,1.602,0.084,0.169,2.108
RICKY,1180,84.915,7.034,5.169,0.169,0.169,2.542
DUSTIN,1179,97.116,0.254,1.187,0.424,0.17,0.848
DARRELL,1178,87.267,9.762,1.188,0.424,0.255,1.104
MARLENE,1178,83.277,4.669,2.292,0.17,0.34,9.253
STUART,1177,96.602,0.935,2.124,0,0,0.34
CLIFFORD,1176,90.561,5.782,3.316,0.085,0,0.255
LYNNE,1173,96.76,1.364,1.108,0,0.085,0.682
KENT,1160,93.19,1.81,4.569,0,0.086,0.345
MARSHA,1160,90.517,7.155,0.776,0,0.259,1.293
IAN,1156,93.166,2.855,2.855,0,0.346,0.779
CASEY,1153,95.317,1.561,2.342,0.087,0.087,0.607
DUANE,1152,92.188,5.556,1.389,0.174,0.087,0.608
JEANETTE,1151,83.406,8.688,1.651,0.261,0.087,5.908
SHERRI,1144,93.881,4.371,1.049,0.175,0,0.524
GRACE,1136,64.965,6.338,21.919,0.176,0,6.602
WESLEY,1136,91.637,3.873,3.697,0.264,0.088,0.44
SHELLEY,1133,95.057,2.118,1.942,0.088,0.177,0.618
KIRK,1132,95.583,2.385,1.325,0.265,0.088,0.353
OSCAR,1132,15.813,4.152,4.417,0.442,0.088,75.088
BOBBY,1129,78.122,13.729,4.252,0.354,0.62,2.923
RAFAEL,1116,8.871,0.269,2.419,0,0,88.441
ZACHARY,1116,95.968,1.613,0.986,0.269,0.358,0.806
ALLAN,1113,88.23,1.887,7.457,0.09,0.27,2.066
HECTOR,1110,5.495,0.45,1.351,0,0,92.703
KATIE,1110,94.505,2.252,2.523,0,0.18,0.541
MARJORIE,1110,90.631,4.865,2.252,0.09,0.09,2.072
JOHNNY,1088,60.386,13.603,12.224,0.551,0.184,13.051
COREY,1087,89.42,8.188,1.288,0.276,0.368,0.46
MIKE,1084,81.55,0.738,11.716,0,0,5.996
SHELLY,1074,94.6,1.955,2.048,0.372,0,1.024
DOLORES,1071,70.308,4.669,3.081,0.187,0.28,21.475
TANYA,1069,81.946,10.664,2.9,0.468,0.374,3.648
CHARLENE,1066,86.21,9.568,2.064,0.188,0.375,1.595
GEOFFREY,1066,95.779,0.844,2.345,0,0.094,0.938
VANESSA,1066,63.415,15.947,4.034,0.281,0.563,15.76
TYLER,1063,97.648,0.188,0.847,0.282,0.188,0.847
JODY,1055,97.441,0.664,0.664,0.284,0.095,0.853
GABRIEL,1051,45.956,2.188,2.284,0,0.285,49.286
LINDSAY,1050,98,0.857,0.476,0,0.19,0.476
CHRISTY,1047,94.651,1.146,2.674,0,0.287,1.242
LEAH,1042,92.994,2.591,2.687,0.096,0.288,1.344
KRISTI,1040,95.288,1.058,1.923,0.385,0.192,1.154
LOUISE,1026,89.084,6.433,2.047,0,0.487,1.949
LYNDA,1023,93.06,3.226,1.564,0.196,0.293,1.662
JENNY,1020,69.216,0.686,22.549,0,0.294,7.255
RAUL,1015,7.094,0.493,3.054,0.099,0,89.261
SAMANTHA,1009,88.702,3.568,3.568,0.198,0.396,3.568
AUDREY,1008,84.722,10.714,2.381,0.298,0.099,1.786
MOLLY,1008,96.032,0.595,2.083,0,0.298,0.992
YOLANDA,1003,19.043,19.342,4.287,0.199,0.199,56.929
JAVIER,1001,4.895,0,0.5,0.1,0,94.505
RAMON,999,11.311,1.301,8.008,0,0.2,79.179
RAY,999,79.58,6.907,6.206,0.3,0.2,6.807
MELVIN,997,66.6,22.768,4.313,0.602,0.401,5.316
PENNY,996,95.08,2.309,1.506,0.201,0.301,0.602
KAY,994,91.851,3.119,3.823,0.101,0.101,1.006
MARIANNE,989,96.663,0.303,2.123,0.101,0.101,0.708
TIM,987,90.881,1.114,6.687,0.101,0,1.216
FERNANDO,983,14.852,0.61,5.799,0.102,0,78.637
JOANNA,981,86.85,1.835,5.708,0.102,0.102,5.403
EARL,977,83.828,13.408,1.842,0.102,0.102,0.716
GERALDINE,973,78.109,12.847,3.186,0.103,0.103,5.653
RUBEN,966,13.768,1.242,4.037,0,0.104,80.849
TOM,963,82.035,1.038,15.472,0.312,0.208,0.935
SERGIO,958,14.718,0.522,1.566,0,0,83.194
CORY,957,94.566,2.821,1.776,0.104,0.104,0.627
LORETTA,957,86.416,8.15,1.567,0.104,0.418,3.344
TONI,954,87.002,8.386,1.048,0.524,0.21,2.83
ERIKA,948,73.523,6.224,1.266,0.105,0.422,18.46
HERBERT,929,82.131,11.302,2.691,0.538,0.108,3.229
SHERI,929,94.941,2.153,1.938,0.323,0.108,0.538
GAYLE,916,94.76,2.62,1.31,0,0.218,1.092
LINDSEY,916,96.07,1.092,1.747,0.109,0.218,0.764
SETH,914,98.031,0.875,0.656,0.109,0,0.328
EDUARDO,911,10.428,0.329,10.318,0,0.11,78.814
VICKIE,908,92.181,5.286,0.771,0.11,0.22,1.432
ROBYN,906,95.585,2.208,1.104,0,0.331,0.773
WILLIE,901,18.868,75.916,2.553,0.111,0.333,2.22
EVA,898,67.595,5.234,5.902,0.223,0.223,20.824
TONYA,898,83.519,14.699,0.445,0.223,0.223,0.891
JUNE,897,84.058,6.243,8.138,0.111,0.111,1.338
ANGEL,888,22.635,3.716,4.279,0.225,0,69.144
GUY,884,93.439,2.828,2.262,0,0.452,1.018
MARCUS,883,74.745,18.686,2.378,0.227,0.113,3.851
KELLI,880,95.795,2.727,0.568,0.227,0.227,0.455
ARLENE,878,84.852,5.581,4.67,0.228,0,4.67
ESTHER,878,52.961,10.364,10.364,0.569,0.228,25.513
JOSEPHINE,875,69.486,8.686,9.829,0.457,0.114,11.429
SONIA,873,36.655,7.675,9.393,0.115,0.115,46.048
RONNIE,870,78.506,13.678,2.529,0.115,0.345,4.828
GENE,868,89.862,4.378,4.147,0.115,0.23,1.267
ADRIAN,865,49.249,11.098,2.659,0.347,0.347,36.301
KARLA,860,80.233,4.302,0.581,0,0.349,14.535
ROSS,857,95.449,0.467,2.334,0.35,0,1.4
GERARD,852,91.315,3.756,2.23,0,0.352,2.347
EDGAR,851,38.778,3.878,6.58,0.47,0.235,50.059
KARA,838,96.539,1.313,1.193,0.119,0.119,0.716
KARI,836,98.086,0.598,0.598,0.12,0,0.598
OLGA,831,53.43,1.805,1.444,0,0,43.321
JACKIE,830,87.711,4.819,4.578,0.482,0.482,1.928
VIVIAN,829,62.726,14.113,13.631,0.241,0,9.288
ALEJANDRO,821,6.943,0.122,2.801,0,0,90.134
GREGG,819,97.558,0.855,1.221,0,0,0.366
JIM,814,82.31,1.843,11.548,0.246,0,4.054
LEO,810,80.988,4.321,7.778,0.123,0.123,6.667
ARMANDO,803,9.838,0.249,5.729,0.125,0,84.06
CANDACE,802,90.773,7.107,1.122,0.249,0,0.748
RENE,800,48.125,2.625,4,0.125,0.25,44.875
GLENDA,799,81.477,9.512,2.503,0.375,0.125,6.008
KRISTA,794,98.111,0.504,0.504,0,0,0.882
GRETCHEN,793,96.974,1.513,0.378,0.126,0.252,0.757
SALVADOR,793,5.044,0.126,2.9,0.126,0,91.803
BRIDGET,779,92.94,5.006,0.642,0,0,1.412
GILBERT,777,56.757,4.633,5.148,0.386,0.129,32.947
LLOYD,773,85.64,10.22,3.364,0,0.129,0.647
BECKY,769,93.498,0.78,3.511,0,0.13,2.081
MARION,769,86.476,10.923,0.65,0.26,0,1.691
CLAIRE,768,94.141,1.693,2.995,0,0.13,1.042
MEREDITH,767,97.262,1.565,0.652,0.13,0,0.391
TED,763,89.384,1.704,7.208,0.393,0,1.311
DARRYL,752,69.016,26.064,3.324,0.532,0.399,0.665
CALVIN,749,58.611,25.768,14.686,0.134,0.134,0.668
BROOKE,744,97.312,1.344,0.403,0.134,0.134,0.672
GRANT,744,96.102,0.806,2.823,0,0,0.269
JULIO,742,7.278,0.539,2.022,0.135,0,90.027
KRISTY,740,95.676,1.486,2.027,0,0.135,0.676
SAM,727,73.04,4.539,19.257,0.138,0,3.026
FRANKLIN,723,74.827,9.129,6.639,0.138,0.277,8.99
NATHANIEL,723,73.721,22.545,1.936,0.277,0.138,1.383
CLARENCE,721,67.129,27.462,4.438,0.277,0.277,0.416
TRACI,721,93.065,4.577,1.664,0.139,0,0.555
TERRENCE,718,86.908,9.471,2.646,0.139,0.279,0.557
NINA,716,83.52,4.749,7.682,0.279,0.279,3.492
ARTURO,715,7.972,0,4.755,0,0.14,87.133
IVAN,714,60.364,4.902,6.583,0,0,28.151
ELENA,712,65.028,0.983,6.461,0.14,0.281,27.107
SHAUN,709,92.384,3.808,2.539,0.141,0.423,0.705
JORDAN,708,96.751,0.706,0.989,0.141,0.141,1.271
ELEANOR,707,82.603,7.355,6.223,0,0.283,3.536
CECILIA,704,48.011,2.273,12.074,0.142,0.142,37.358
TOMMY,703,73.826,8.819,13.087,0.711,0,3.556
KARIN,702,96.581,0.427,0.997,0.142,0,1.852
DARYL,699,86.552,9.156,3.147,0.143,0,1.001
MARIAN,697,89.24,5.308,3.73,0.143,0.143,1.435
MIRIAM,696,63.649,3.592,2.73,0.144,0.144,29.741
JACQUELYN,695,86.331,10.791,0.719,0.144,0,2.014
LEWIS,695,90.216,6.763,1.727,0.432,0,0.863
EDDIE,694,50.144,24.64,12.248,0.144,0.288,12.536
NELSON,694,46.398,3.746,11.527,0.576,0.144,37.608
LEON,693,72.872,19.048,4.185,0.577,0.144,3.175
ALFREDO,687,10.771,0.728,7.86,0,0,80.64
LYDIA,687,65.357,6.987,7.424,0.146,0,20.087
PAULINE,687,76.71,11.645,7.715,0,0.146,3.785
CESAR,681,7.048,0.147,8.957,0,0,83.847
TERI,681,93.979,2.056,1.615,0.441,0.147,1.762
LILLIAN,676,68.639,9.911,9.024,0.148,0.148,12.13
NEAL,675,95.704,0.889,2.815,0.296,0,0.296
ALBERTO,674,11.128,0.445,6.825,0.297,0,81.306
GUADALUPE,674,4.748,0,0.445,0,0,94.807
MARCO,674,33.828,1.78,1.335,0,0,63.056
SHARI,674,95.252,2.077,1.335,0,0.297,1.039
BERNADETTE,672,75,8.929,6.845,0.298,0.446,8.482
LUKE,672,94.048,0.595,4.167,0.149,0.149,0.893
KELLEY,670,97.91,1.045,0.597,0.299,0,0.149
TREVOR,667,92.204,5.697,0.9,0,0.3,0.9
JANA,666,96.096,1.351,0.15,0.601,0.15,1.652
SALVATORE,665,98.947,0,0.15,0,0.15,0.752
CLINTON,662,88.218,9.215,1.813,0,0.151,0.604
ENRIQUE,658,6.383,0,4.255,0,0,89.362
CASSANDRA,655,75.725,20,1.527,0,0,2.748
ANNIE,654,44.954,30.887,20.031,0.153,0.459,3.517
EVAN,651,94.931,1.229,1.997,0,0.154,1.69
JUANITA,646,54.954,19.659,2.477,0.31,0.774,21.827
ADRIENNE,644,83.385,12.733,1.553,0.155,0.155,2.019
VERNON,637,79.592,15.856,3.454,0,0,1.099
KATRINA,636,81.918,13.522,1.572,0.157,0.786,2.044
MARYANN,636,95.912,0.786,1.258,0.157,0.157,1.73
BEN,634,77.129,3.628,15.615,0,0.315,3.312
MELODY,634,89.748,2.997,3.785,0.473,0,2.997
ROLAND,634,74.763,11.041,7.256,0,0,6.94
DOREEN,633,89.415,5.213,2.054,0.316,0.316,2.686
COLIN,632,94.462,3.006,2.057,0,0.158,0.316
JANIS,631,93.661,2.853,2.694,0,0.158,0.634
DWIGHT,624,79.006,16.667,3.045,0,0.16,1.122
EDITH,624,69.551,9.455,4.006,0.16,0.16,16.667
GWENDOLYN,622,54.18,43.087,1.125,0,0.482,1.125
LEROY,621,69.082,24.96,0.966,0.483,0.483,4.026
PRISCILLA,620,70.323,11.452,6.29,0.161,0.161,11.613
LEIGH,618,96.602,1.456,1.294,0.162,0,0.485
ARNOLD,615,78.211,7.317,6.992,0,0,7.48
MOHAMMAD,614,46.906,0.814,49.511,1.303,0.977,0.489
AIMEE,611,93.453,0.327,3.11,0.164,0.164,2.782
ALMA,611,31.588,7.201,5.074,0,0,56.137
HARVEY,605,85.455,8.926,3.14,0,0.331,2.149
GERARDO,603,8.458,0,5.307,0,0,86.235
IRMA,601,20.3,3.827,2.163,0,0,73.71
ANDRE,599,56.928,33.723,3.339,0.167,0.334,5.509
BETHANY,599,96.995,1.169,0.668,0.167,0.334,0.668
DERRICK,598,55.351,35.117,5.686,0.502,0.334,3.01
LETICIA,598,16.89,1.338,6.187,0,0.334,75.251
MARGARITA,598,22.241,1.171,3.512,0.167,0,72.91
MILDRED,597,69.179,17.923,4.69,0.168,0.335,7.705
RON,597,88.442,4.02,4.69,0.335,0.168,2.345
HUGH,596,92.953,4.698,1.846,0,0.336,0.168
TRICIA,596,92.282,3.02,2.181,0.168,0.336,2.013
ALVIN,595,62.353,21.008,12.773,0,0,3.866
CLAYTON,595,93.613,2.689,2.689,0.336,0.336,0.336
LUCY,595,68.908,5.378,9.748,0.672,0,15.294
PERRY,595,88.571,7.059,2.857,0,0.168,1.345
BILL,590,83.898,2.712,10.339,0.169,0.169,2.712
KEN,590,71.695,1.356,26.102,0,0,0.847
BYRON,589,77.419,11.375,4.075,0.17,0,6.961
LAUREL,579,96.2,1.554,1.036,0.345,0.345,0.518
DOMINIC,574,89.199,1.568,4.355,0,0,4.878
ERNESTO,574,7.666,0.871,13.763,0,0,77.7
NORA,573,68.586,3.839,7.155,0,0.349,20.07
BRADFORD,570,96.14,1.754,1.579,0,0,0.526
BRITTANY,569,95.079,3.339,0.879,0,0,0.703
BLAKE,567,97.002,1.058,1.235,0,0,0.705
NOEL,566,62.367,4.24,13.604,0.177,0.177,19.435
WADE,566,94.7,2.827,1.767,0.177,0.177,0.353
MEGHAN,565,98.407,0,0.354,0,0,1.239
GEORGIA,563,86.323,9.236,0.888,0.355,0,3.197
ROXANNE,561,85.74,6.239,3.209,0.357,0,4.456
DARIN,559,95.707,1.431,1.789,0.179,0.537,0.358
MARINA,559,68.157,0.358,5.725,0.179,0.179,25.403
PATTI,558,96.595,0.538,1.971,0.179,0,0.717
SIMON,558,65.591,3.584,20.789,0,0.179,9.857
SILVIA,557,23.698,1.257,1.077,0.359,0,73.609
ANDY,555,52.793,1.622,38.559,0.721,0,6.306
CAMERON,553,94.937,2.532,1.627,0.362,0,0.542
ROSEMARIE,552,81.884,3.261,6.341,0.543,0,7.971
LYNETTE,551,87.114,7.26,3.448,0,0,2.178
TAMI,551,96.37,0.726,1.089,0,0.181,1.633
MAURICE,550,63.636,31.091,1.818,0,0,3.455
SANDY,549,70.492,2.186,19.49,0,0.546,7.286
JANINE,548,94.343,3.285,1.277,0,0.182,0.912
NICK,545,85.688,0.367,6.606,0.183,0.183,6.972
BELINDA,542,70.295,14.207,4.613,0,0.738,10.148
GUILLERMO,542,6.273,0,2.583,0,0.185,90.959
CRISTINA,539,50.649,1.299,10.946,0,0.186,36.92
BRANDI,537,90.875,5.773,0.372,0,0.372,2.607
CANDICE,537,86.778,6.145,3.724,0.186,0.559,2.607
CHRISTIE,534,93.258,2.434,2.06,0,0,2.247
EMMA,532,54.511,14.098,6.203,0.752,0,24.436
MATHEW,529,85.633,0.567,11.909,0.189,0.189,1.512
LESTER,526,81.179,11.597,3.612,0.19,0.38,3.042
MARSHALL,526,90.684,6.084,1.711,0.19,0.19,1.141
BRENDAN,524,97.901,0.191,0.954,0.191,0,0.763
THERESE,524,95.229,0.763,2.29,0,0.573,1.145
SABRINA,523,75.335,14.34,4.015,0.382,0.191,5.736
STACIE,520,95,2.308,0.962,0,0,1.731
LUZ,519,9.827,0.193,7.322,0.193,0,82.466
KELLIE,518,95.946,1.544,0.965,0.386,0.386,0.772
BRANDY,517,90.716,3.482,0.967,0.387,0.967,3.482
RAMONA,517,64.41,6.576,3.868,0.193,0.193,24.758
LONNIE,516,87.403,10.465,0.775,0.388,0.194,0.775
ALI,514,72.763,4.28,19.455,0.973,0.584,1.946
MATT,514,97.665,0.195,1.556,0,0.195,0.389
CATHLEEN,512,97.852,0,0.391,0,0.195,1.563
KIRSTEN,511,98.63,0.196,0.391,0.196,0,0.587
MILTON,511,62.622,17.417,5.284,0,0,14.677
RODOLFO,509,7.466,0,14.735,0,0.393,77.407
KERRI,508,97.835,0.591,0.591,0,0,0.984
RUBY,507,53.057,24.063,12.623,0.394,0,9.862
ANTOINETTE,505,76.238,15.446,1.584,0.198,0.594,5.941
FLORENCE,505,75.248,13.861,8.515,0.396,0,1.98
PATSY,505,90.693,5.347,1.584,0.594,0,1.782
ALEXANDRA,504,85.516,1.19,1.984,0.198,0.397,10.714
FELIX,504,27.579,6.944,9.127,0.397,0,55.952
VICKY,504,84.325,1.587,9.325,0.198,0.397,4.167
BETSY,503,91.451,1.59,2.783,0.199,0,3.976
RANDOLPH,502,82.072,11.355,3.386,0.199,0.199,2.789
FLOYD,501,82.834,12.974,2.595,0.2,0.399,0.998
MINDY,501,91.218,0.2,6.587,0.2,0,1.796
MISTY,501,96.407,1.796,0.2,0.399,0.2,0.998
MARLA,499,92.184,3.808,1.202,0,0.401,2.405
SUSANNE,498,97.992,0.201,0.803,0,0,1.004
CODY,497,96.781,1.207,1.006,0.201,0.201,0.604
JEREMIAH,496,92.339,4.032,1.411,0,0.403,1.815
SONYA,494,71.862,18.219,2.632,0,0.81,6.478
DINA,493,84.584,2.231,2.84,0.406,0,9.939
LOREN,493,94.726,1.623,1.42,0.203,0.203,1.826
LAURENCE,491,93.279,3.462,2.24,0.204,0,0.815
ADRIANA,489,35.992,0.818,0.613,0.204,0,62.372
BLANCA,489,7.975,0.204,0.613,0,0,91.207
DWAYNE,488,74.795,23.156,0.82,0.41,0,0.82
NAOMI,488,75.82,7.992,8.197,0.41,0.205,7.377
REGINALD,487,31.417,63.655,2.669,0,0.411,1.848
ANGELO,486,84.774,3.086,1.44,0.206,0,10.494
JO,486,93.827,2.675,1.44,0.412,0.206,1.44
MAX,486,86.214,1.44,3.292,0.412,0,8.642
CLYDE,483,83.23,11.801,3.313,0.414,0.207,1.035
ALFONSO,482,13.071,3.942,4.564,0,0.207,78.216
ANDRES,482,12.656,0.415,2.905,0.207,0,83.817
GUSTAVO,482,9.129,0.207,0.415,0,0,90.249
JULIAN,481,53.222,8.108,5.405,0,0.416,32.848
DIANNA,479,88.1,5.428,1.044,0.209,0.209,5.01
KRISTIE,479,94.363,1.253,2.923,0.209,0.209,1.044
ROCHELLE,479,83.716,12.944,1.879,0,0,1.461
GINGER,478,94.77,2.092,1.674,0.628,0.209,0.628
WHITNEY,477,95.388,2.516,1.258,0.21,0,0.629
GARRETT,476,92.437,2.311,3.782,0.21,0,1.261
DELORES,474,68.776,27.004,0,0.844,0.633,2.743
CARA,473,95.56,2.326,0.846,0,0.634,0.634
PAULETTE,472,79.025,16.102,2.119,0.847,0.424,1.483
KENDRA,470,91.064,7.234,0.638,0.213,0.426,0.426
KRIS,467,92.934,0.428,5.139,0,0.214,1.285
RACHAEL,462,91.126,2.165,1.082,0.216,0.216,5.195
DEBORA,461,91.323,4.989,0.651,0,0.434,2.603
JANELLE,461,91.974,3.688,1.735,0.217,0,2.386
LUCILLE,461,81.562,9.328,1.952,0.217,0,6.941
EDNA,460,61.087,12.609,13.478,0.435,0.435,11.957
TERENCE,460,86.304,8.043,4.565,0.217,0.435,0.435
KIMBERLEY,459,91.503,5.447,1.089,0,0.436,1.525
MONIQUE,458,62.882,24.017,3.712,0,1.092,8.297
BILLIE,456,89.912,5.921,1.096,0.219,0.658,2.193
TERRANCE,456,81.579,15.132,2.412,0,0.439,0.439
EDMUND,454,83.7,4.185,7.048,0,0.22,4.846
ANGELICA,453,24.724,0.442,3.311,0.221,0,71.302
OMAR,453,21.854,7.506,5.74,0,0.442,64.459
ALEXIS,452,77.655,5.088,2.876,0,0.221,14.159
RANDAL,451,95.344,1.109,1.996,0.443,0,1.109
PATRICE,450,85.333,13.111,0.222,0,0,1.333
OLIVIA,449,47.661,6.682,7.795,0.445,0.223,37.194
DAVE,448,82.813,5.134,8.929,0.223,0.446,2.455
ELISABETH,448,96.205,0.223,0.67,0.223,0,2.679
FELICIA,448,56.027,33.259,2.455,0.446,0.223,7.589
GLADYS,446,41.704,18.834,5.381,0,0,34.081
JESSIE,445,61.798,17.079,11.011,0.225,0.225,9.663
KRISTOPHER,445,96.404,1.124,0.899,0.225,0,1.348
LANA,445,93.708,2.472,2.697,0,0.225,0.899
LUCAS,444,90.315,0.225,1.577,0.225,0,7.658
CHERI,442,95.701,2.715,0.679,0,0,0.905
REX,441,90.023,0.454,8.617,0,0,0.907
AMELIA,439,61.731,5.467,10.706,0,0,22.096
BERTHA,439,25.285,12.073,0.911,0.228,0,61.503
YVETTE,439,53.986,21.412,1.595,0.228,0,22.779
DOUG,438,95.89,0.228,2.968,0,0,0.913
ISAAC,438,52.283,16.21,5.708,0.457,0.228,25.114
LESLEY,438,91.324,3.425,2.283,0.457,0.457,2.055
YOUNG,437,2.746,0.229,96.796,0,0.229,0
DREW,436,97.706,0.459,0,0,0,1.835
PABLO,435,7.816,0.23,5.977,0,0.23,85.747
JENNIE,433,79.908,2.54,9.931,0.462,0.462,6.697
SPENCER,433,88.915,6.005,4.619,0.231,0,0.231
DARLA,432,96.759,1.389,0.463,0,0,1.389
ISABEL,431,33.875,0.696,4.64,0.232,0,60.557
CLARA,430,60.233,14.884,4.651,0,0,20.233
DAMON,427,79.157,14.52,3.279,0.234,0.468,2.342
JEANNETTE,427,84.075,4.45,1.874,0.234,0,9.368
STEFANIE,426,93.662,2.347,1.878,0,0.235,1.878
GARRY,425,92.471,4,2.588,0,0,0.941
CARY,423,90.78,2.128,4.965,0,0.709,1.418
JAYNE,423,95.508,0.473,2.128,0,0.709,1.182
KATE,422,93.365,2.844,3.081,0,0,0.711
LORA,421,94.537,2.85,0.475,0.475,0.238,1.425
MOHAMMED,421,36.817,4.513,54.632,2.85,0.238,0.95
HUNG,419,0.716,0.239,98.091,0,0.477,0.477
ABIGAIL,418,81.579,1.435,4.785,0,0,12.201
BRET,417,98.321,1.199,0,0.24,0,0.24
MORGAN,416,93.51,1.683,3.846,0.24,0,0.721
ABRAHAM,413,47.7,7.748,12.349,1.453,0,30.751
FELIPE,413,3.632,0.726,4.6,0.484,0,90.557
NADINE,411,81.752,11.192,4.623,0.243,0.487,1.703
HERMAN,410,56.098,23.171,10.732,0,0,10
NICHOLE,410,87.805,9.512,0.488,0,0.488,1.707
VERA,410,74.634,17.561,4.146,0.244,0.244,3.171
FRANCINE,409,86.308,8.802,1.222,0.244,0.489,2.934
BOBBIE,407,80.835,15.725,0.491,0.737,0.491,1.72
SIDNEY,407,81.572,13.268,3.931,0.246,0,0.983
SONJA,407,85.995,11.057,1.229,0.246,0.246,1.229
CHESTER,406,85.714,8.867,4.187,0.493,0,0.739
JIMMIE,406,78.818,17.488,1.232,0,0.246,2.217
WEI,406,0.739,0,98.276,0,0.493,0.493
ELISA,404,65.842,1.98,6.436,0.248,0,25.495
TRISHA,404,95.05,1.238,1.485,0.248,0,1.98
SHAWNA,402,95.025,1.99,0.746,0.498,0,1.741
CHERIE,401,93.017,2.244,1.995,0,0,2.743
JOSH,400,96.75,1,0.5,0.25,0,1.5
KERI,400,97.5,0.5,0.75,0,0.25,1
HONG,398,1.508,0,97.739,0,0.251,0.503
THELMA,395,55.696,21.266,8.608,0,0.506,13.924
AUSTIN,394,89.086,5.076,5.076,0,0.508,0.254
HANNAH,394,81.726,3.553,12.944,0.254,0.254,1.269
JEANNIE,393,82.952,1.272,10.941,0,0.254,4.58
LEANNE,393,95.929,0.254,1.527,0.254,0.254,1.781
MONA,392,75.51,6.378,13.52,0,0.255,4.337
RONDA,392,95.918,2.806,0,0,0.255,1.02
STELLA,392,57.653,12.755,14.796,0.255,1.276,13.265
INGRID,391,73.657,8.951,3.581,0,0.767,13.043
RAQUEL,390,32.308,4.615,5.897,0,0.513,56.667
DENIS,389,91.003,2.057,2.828,0.257,0,3.856
CLARK,388,92.784,3.093,2.577,0,0.773,0.773
LORENA,388,26.289,0.515,1.546,0.515,0,71.134
CELESTE,387,83.463,5.943,4.393,0.258,0,5.943
CORINNE,387,94.057,1.55,2.584,0,0,1.809
REBEKAH,387,96.382,1.034,1.034,0,0,1.55
DORA,386,38.86,7.772,4.663,0.259,0,48.446
SHERRIE,386,90.933,6.218,1.295,0.259,0,1.295
CAMILLE,385,87.532,6.753,2.338,0,0.26,3.117
DENA,385,93.766,3.377,1.039,0.26,0,1.558
FAITH,384,88.021,5.99,3.385,0.521,0.26,1.823
LOURDES,384,20.573,1.563,15.625,0,0.26,61.979
TRACIE,383,90.339,6.789,1.567,0,0.261,1.044
JUANA,382,10.733,1.571,1.309,0,0,86.387
JONI,381,94.226,2.1,2.625,0,0,1.05
HILDA,380,40,3.947,2.368,0,0.526,53.158
ANGIE,379,77.573,2.639,9.499,0,0,10.29
LYLE,378,96.561,0.794,1.587,0,0.265,0.794
VLADIMIR,378,91.799,1.852,1.058,0,0,5.291
GWEN,376,92.287,3.191,2.926,0.266,0.266,1.064
HUGO,376,17.021,0,1.596,0,0,81.383
CHRISTA,375,98.133,1.067,0,0,0,0.8
MARTA,375,55.733,0.8,0,0.533,0,42.933
PAIGE,375,96.8,1.067,1.333,0,0.267,0.533
NICOLAS,374,51.872,1.337,2.674,0,0,44.118
THANH,373,1.34,0,98.123,0,0.268,0.268
NATASHA,372,68.817,23.387,3.226,0.269,0.269,4.032
JEANINE,371,93.531,5.391,0.539,0,0.27,0.27
KATHARINE,370,97.027,0.811,1.351,0,0.541,0.27
CLAUDE,369,85.366,12.737,0.271,0.271,0,1.355
IRIS,369,53.388,10.569,7.588,0.542,0.542,27.371
YONG,369,5.149,0,94.309,0,0,0.542
BEATRICE,368,61.957,19.293,3.804,0.815,0,14.13
CHARLIE,366,54.372,23.224,15.027,0.273,0,7.104
CLINT,364,94.231,1.374,2.747,0.275,0.275,1.099
JOHANNA,364,83.791,2.473,4.121,0.275,0.275,9.066
ROSALIE,364,83.516,1.648,3.846,0.549,0,10.44
ROGELIO,363,3.306,0,15.978,0,0,80.716
JENNA,360,95.833,0.833,1.389,0,0,1.944
WALLACE,359,84.401,7.799,6.128,0.279,0.279,1.114
JODIE,358,96.927,0.838,1.955,0,0,0.279
CAREY,356,96.348,1.685,1.685,0,0,0.281
RAMIRO,354,4.802,0.282,1.695,0,0,93.22
CELIA,353,51.275,2.833,4.816,0,0.283,40.793
AGNES,352,67.898,10.795,17.614,0.568,0,3.125
JACLYN,352,95.739,0.852,1.705,0.568,0,1.136
JOCELYN,349,62.751,10.888,22.35,0,0.573,3.438
KENNY,348,54.885,4.023,37.356,0.287,0.575,2.874
CLIFTON,347,74.928,20.749,2.305,0.288,0.865,0.865
ROMAN,344,72.965,1.163,1.163,0.291,0.291,24.128
IRA,341,88.27,9.677,0.88,0.293,0,0.88
MANDY,341,89.443,0.587,7.038,0.293,0,2.639
MARGUERITE,340,87.647,7.059,1.471,0.882,0.294,2.647
STEWART,340,93.824,2.353,2.647,0,0,1.176
LUCIA,339,46.608,2.36,7.375,0,0,43.658
VAN,339,46.313,5.015,46.608,0,0.295,1.77
ALISA,338,86.686,7.396,3.846,0,0,2.071
MARISA,337,82.196,2.374,2.671,0,0,12.76
STACI,334,95.21,1.796,1.796,0,0,1.198
MAXINE,333,70.571,24.324,1.802,0.601,0,2.703
IGNACIO,332,7.229,0,2.711,0,0,90.06
ROLANDO,331,9.063,0,24.471,0,0,66.465
DARCY,330,96.97,0.606,0.303,0.909,0,1.212
LORNA,330,74.242,11.212,12.424,0.606,0.303,1.212
RACHELLE,330,91.515,2.424,2.424,0,0,3.636
DESIREE,329,71.429,12.462,3.343,0.304,0.912,11.55
FAYE,329,81.459,10.638,6.687,0.304,0,0.912
ABEL,327,12.844,2.141,2.446,0,0,82.569
MYRNA,327,59.939,4.281,16.82,0,0.917,18.043
CECIL,326,79.141,17.485,1.534,0,0.307,1.534
TAYLOR,326,95.399,1.227,1.84,0,0,1.534
GALE,325,89.538,6.462,2.462,0.308,0,1.231
JULIANNE,325,96,0.615,2.769,0.308,0,0.308
JILLIAN,324,95.679,1.543,1.543,0,0,1.235
TOBY,324,92.901,2.778,2.16,0.309,0,1.852
DEVIN,323,89.164,5.882,3.406,0.31,0,1.238
JANETTE,323,83.282,3.096,4.025,0,0,9.598
LARA,323,95.975,0.619,0.929,0.31,0,2.167
MINH,323,1.238,0,97.833,0,0.31,0.619
MYRA,322,76.708,9.627,6.832,0.311,0,6.522
ALYSSA,321,91.9,0.312,2.804,0,0.312,4.673
JERI,321,94.704,1.558,1.558,0.312,0,1.869
ELISE,320,93.75,3.438,1.25,0.313,0.313,0.938
ELMER,320,63.75,7.5,6.875,0.625,0.313,20.937
ERICK,320,61.875,4.063,3.75,0.313,0,30
SCOT,320,97.5,0.625,1.563,0,0,0.313
BERNICE,319,65.204,26.332,2.508,0,0,5.956
MARCOS,319,11.599,0.94,1.881,0,0.313,85.266
MARGIE,319,80.878,11.599,2.194,0,0,5.329
WILMA,319,75.549,13.166,6.583,0.313,0,4.389
WILSON,318,41.509,9.119,25.786,0,0.314,23.27
TRENT,314,97.134,1.592,1.274,0,0,0
TRUDY,314,93.949,3.503,1.592,0,0,0.955
HUMBERTO,313,5.431,0.958,0.639,0,0,92.971
MARCELLA,313,84.345,6.39,1.597,0,0,7.668
SHELBY,313,92.971,5.112,0.319,0,0.319,1.278
CURT,312,98.397,0.321,1.282,0,0,0
IRINA,312,95.833,0,1.923,0,0,2.244
OLIVER,312,66.346,14.744,10.897,0,0.321,7.692
STEPHAN,312,95.513,2.244,0.962,0.321,0,0.962
DARRIN,311,93.248,4.18,2.572,0,0,0
ELIAS,311,43.73,4.502,3.215,0.322,0,48.232
RUDY,310,42.581,3.226,10,0.645,0.323,43.226
BONITA,309,86.084,11.65,0.971,0,0,1.294
MARCY,309,96.117,0.971,0.324,0,0,2.589
ROSARIO,308,22.078,0,17.532,0,0,60.39
TRINA,308,76.623,15.909,3.247,0.325,0.325,3.571
