SMITH,2442977,70.9,23.11,0.5,0.89,2.19,2.4
JOHNSON,1932812,58.97,34.63,0.54,0.94,2.56,2.36
WILLIAMS,1625252,45.75,47.68,0.46,0.82,2.81,2.49
BROWN,1437026,57.95,35.6,0.51,0.87,2.55,2.52
JONES,1425470,55.19,38.48,0.44,1,2.61,2.29
GARCIA,1166120,5.38,0.45,1.41,0.47,0.26,92.03
MILLER,1161437,84.11,10.76,0.54,0.66,1.77,2.17
DAVIS,1116357,62.2,31.6,0.49,0.82,2.45,2.44
RODRIGUEZ,1094924,4.75,0.54,0.57,0.18,0.18,93.77
MARTINEZ,1060159,5.28,0.49,0.6,0.51,0.22,92.91
HERNANDEZ,1043281,3.79,0.36,0.6,0.19,0.16,94.89
LOPEZ,874523,4.86,0.57,1.02,0.38,0.25,92.92
GONZALEZ,841025,4.03,0.35,0.38,0.14,0.13,94.97
WILSON,801882,67.36,25.99,0.6,1.06,2.38,2.61
ANDERSON,784404,75.17,18.93,0.61,0.74,2.11,2.44
THOMAS,756142,52.63,38.75,2.44,1.07,2.58,2.54
TAYLOR,751209,65.38,28.42,0.56,0.76,2.41,2.46
MOORE,724374,66.41,27.74,0.48,0.68,2.34,2.34
JACKSON,708099,39.89,53.04,0.39,1.06,3.12,2.5
MARTIN,702625,74.8,15.76,0.9,0.98,2.02,5.56
LEE,693023,35.95,16.33,42.22,0.97,2.64,1.89
PEREZ,681645,4.96,0.45,1.17,0.2,0.26,92.95
THOMPSON,664644,69.78,23.57,0.57,1.22,2.37,2.49
WHITE,660491,65.51,28.17,0.49,1.07,2.38,2.38
HARRIS,624252,51.4,42.39,0.47,0.67,2.8,2.26
SANCHEZ,612752,4.98,0.45,0.96,0.37,0.24,92.99
CLARK,562679,74.65,19.02,0.54,1.01,2.19,2.58
RAMIREZ,557423,3.89,0.31,0.93,0.2,0.19,94.48
LEWIS,531781,58.23,34.84,0.56,1.2,2.58,2.58
ROBINSON,529821,48.7,44.93,0.46,0.53,2.77,2.61
WALKER,523129,58.66,35.05,0.45,0.87,2.55,2.41
YOUNG,484447,66.26,24.67,3.03,0.79,2.66,2.58
ALLEN,482607,67.59,26.17,0.54,0.86,2.38,2.47
KING,465422,70.16,22.76,1.23,0.98,2.31,2.55
WRIGHT,458980,65.8,28.23,0.51,0.69,2.41,2.36
SCOTT,439530,60.21,32.92,0.51,1.18,2.59,2.58
TORRES,437813,5.35,0.57,1.43,0.2,0.28,92.16
NGUYEN,437645,0.95,0.12,96.45,0.03,1.83,0.63
HILL,434827,64.36,29.12,0.53,0.97,2.51,2.51
FLORES,433969,4.87,0.42,2.08,0.34,0.36,91.94
GREEN,430182,56.84,36.97,0.44,0.64,2.47,2.64
ADAMS,427865,74.02,19.9,0.56,0.79,2.16,2.57
NELSON,424958,77.66,15.97,0.67,1.16,2,2.55
BAKER,419586,79.83,14.44,0.56,0.87,2.02,2.28
HALL,407076,72.65,21.59,0.64,0.65,2.22,2.25
RIVERA,391114,5.4,0.95,2.04,0.18,0.37,91.06
CAMPBELL,386157,73.66,20.47,0.53,0.71,2.13,2.49
MITCHELL,384486,61.02,32.5,0.48,1.04,2.5,2.47
CARTER,376966,58.2,35.59,0.45,0.78,2.65,2.34
ROBERTS,376774,77.27,16.72,0.61,0.85,2.15,2.4
GOMEZ,365655,5.12,0.75,1.01,0.26,0.26,92.6
PHILLIPS,360802,76.69,17.09,0.58,1.03,2.17,2.44
EVANS,355593,68.39,25.72,0.47,0.74,2.3,2.39
TURNER,348627,64.25,30.13,0.42,0.6,2.38,2.23
DIAZ,347636,5.19,0.65,1.19,0.16,0.25,92.56
PARKER,336221,69.17,24.79,0.54,0.88,2.35,2.26
CRUZ,334201,5.17,0.8,5.19,0.27,0.7,87.88
EDWARDS,332423,62.13,31.63,0.5,0.77,2.47,2.5
COLLINS,329770,71.61,22.43,0.49,0.77,2.23,2.47
REYES,327904,4.41,0.59,5.58,0.24,0.59,88.58
STEWART,324957,69.17,24.86,0.48,0.77,2.24,2.49
MORRIS,318884,73.59,20.08,0.57,0.98,2.24,2.55
MORALES,311777,4.63,0.57,1.18,0.17,0.21,93.23
MURPHY,308417,83.11,11.53,0.58,0.68,1.76,2.34
COOK,302589,81.8,12.55,0.57,0.92,1.98,2.17
ROGERS,302261,75.4,18.53,0.54,0.82,2.1,2.62
GUTIERREZ,293218,4.57,0.24,1.4,0.25,0.2,93.33
ORTIZ,286899,4.96,0.64,0.67,0.37,0.25,93.11
MORGAN,286280,76.07,17.27,0.54,1.24,2.1,2.78
COOPER,280791,67.93,26.13,0.5,0.74,2.31,2.4
PETERSON,278297,84.39,10.09,0.66,0.74,1.72,2.4
BAILEY,277845,72.45,22,0.5,0.62,2.16,2.28
REED,277030,71.29,22.63,0.51,1.05,2.3,2.22
KELLY,267394,78.09,16.22,0.64,0.54,1.81,2.69
HOWARD,264826,64.31,29.49,0.5,0.87,2.46,2.37
RAMOS,263464,6.49,0.98,4.89,0.19,0.65,86.79
KIM,262352,2.52,0.39,94.47,0.02,1.96,0.65
COX,261231,82.62,12.07,0.5,0.67,1.82,2.33
WARD,260464,75.58,18.5,0.49,0.91,2.08,2.44
RICHARDSON,259798,59.7,33.63,0.48,1.1,2.44,2.65
WATSON,252579,66.03,27.9,0.53,0.82,2.3,2.41
BROOKS,251663,60.22,33.47,0.48,0.79,2.56,2.48
CHAVEZ,250898,5.02,0.21,0.65,0.94,0.23,92.96
WOOD,250715,88.72,5.57,0.66,0.84,1.79,2.42
JAMES,249379,51.58,38.86,1.27,2.58,2.64,3.08
BENNETT,247599,76.56,17.53,0.53,0.88,1.99,2.5
GRAY,246116,68.68,25.13,0.54,0.91,2.33,2.41
MENDOZA,242771,4.11,0.35,4.91,0.24,0.42,89.97
RUIZ,238234,5.17,0.44,1.03,0.22,0.24,92.89
HUGHES,236271,78.39,16.13,0.5,0.53,1.97,2.47
PRICE,235251,73.93,20.51,0.51,0.66,2.14,2.24
ALVAREZ,233983,5.18,0.6,1.16,0.38,0.23,92.45
CASTILLO,230420,4.92,0.72,3.04,0.59,0.46,90.26
SANDERS,230374,60.78,32.97,0.41,0.84,2.43,2.57
PATEL,229973,2.1,0.38,94.78,0.65,1.65,0.44
MYERS,229895,84.5,10.54,0.5,0.55,1.8,2.1
LONG,229374,79.88,12.1,2.48,1.32,1.97,2.24
ROSS,229368,68.96,24.46,0.61,0.9,2.32,2.75
FOSTER,227764,69.65,23.94,0.55,0.88,2.33,2.65
JIMENEZ,227118,3.84,0.29,1.49,0.2,0.21,93.97
POWELL,224874,67.2,27.12,0.46,0.62,2.29,2.31
JENKINS,222653,57.76,36.78,0.39,0.57,2.42,2.07
PERRY,221741,68.32,25.2,0.57,0.81,2.43,2.67
RUSSELL,221558,77.05,16.69,0.57,1.05,2.18,2.46
SULLIVAN,220990,87.73,7.13,0.6,0.57,1.59,2.39
BELL,220599,61.11,32.35,0.55,1.01,2.51,2.46
COLEMAN,219070,49.43,44.6,0.4,0.53,2.79,2.25
BUTLER,218847,62.36,31.54,0.45,0.84,2.45,2.35
HENDERSON,218393,59.63,33.98,0.45,0.86,2.56,2.51
BARNES,218241,64.81,29.28,0.48,0.75,2.35,2.33
GONZALES,214758,9.83,0.99,3.8,0.76,0.56,84.06
FISHER,214703,82.58,11.79,0.55,0.76,1.89,2.43
VASQUEZ,212781,5.06,0.51,0.73,0.29,0.24,93.17
SIMMONS,210182,57.91,36.15,0.47,0.67,2.52,2.29
ROMERO,208614,8.65,0.5,1.3,0.69,0.37,88.5
JORDAN,208403,61.44,30.73,0.55,0.72,2.45,4.11
PATTERSON,205423,67.27,26.8,0.47,0.68,2.35,2.43
ALEXANDER,204621,58.19,34.04,1.24,0.7,2.66,3.17
HAMILTON,201746,70.21,23.71,0.54,0.8,2.29,2.45
GRAHAM,201159,70.02,23.99,0.51,0.8,2.13,2.55
REYNOLDS,200247,81.08,13.21,0.52,0.71,2.02,2.45
GRIFFIN,198406,63.77,30.81,0.44,0.47,2.28,2.21
WALLACE,197276,69.24,24.7,0.51,0.77,2.31,2.47
MORENO,196925,6.09,0.43,0.67,0.37,0.22,92.23
WEST,195818,75.48,18.48,0.49,0.83,2.27,2.45
COLE,195289,75.33,18.89,0.55,0.72,2.1,2.41
HAYES,194246,69.38,24.69,0.49,0.81,2.34,2.29
BRYANT,192773,58.46,35.58,0.39,0.89,2.47,2.21
HERRERA,192711,4.92,0.36,0.96,0.51,0.22,93.03
GIBSON,190667,72.14,21.78,0.46,0.97,2.34,2.31
ELLIS,188968,70.36,23.47,0.54,0.66,2.24,2.73
TRAN,188498,1.35,0.1,96,0.03,1.7,0.81
MEDINA,188497,5.69,0.6,1.92,0.3,0.33,91.16
AGUILAR,186512,4.03,0.26,1.64,0.52,0.23,93.32
STEVENS,185674,81.44,11.82,0.64,1.33,2.04,2.74
MURRAY,184910,74.92,19.29,0.57,0.6,2.02,2.6
FORD,184832,62.05,32,0.45,0.61,2.52,2.37
CASTRO,184134,7.29,0.66,3.74,0.24,0.64,87.42
MARSHALL,183922,66.03,27.51,0.58,0.96,2.34,2.58
OWENS,182719,65.85,28.41,0.36,0.75,2.47,2.17
HARRISON,181091,68.66,24.45,0.52,1.39,2.27,2.7
FERNANDEZ,180842,8.77,1.15,5.38,0.18,0.93,83.58
MCDONALD,180497,76.65,17.28,0.55,0.78,2.01,2.73
WOODS,177425,58.3,35.3,0.42,0.88,2.74,2.35
WASHINGTON,177386,5.17,87.53,0.3,0.68,3.78,2.54
KENNEDY,176865,80.82,13.63,0.62,0.61,1.87,2.45
WELLS,176230,74,20,0.49,0.87,2.22,2.41
VARGAS,173835,5.41,0.42,0.85,0.18,0.22,92.92
HENRY,170964,61.43,30.68,0.84,1.87,2.34,2.84
CHEN,169580,1.4,0.3,96.12,0.02,1.64,0.52
FREEMAN,169149,65.5,28.34,0.52,0.95,2.38,2.3
WEBB,168878,75.53,19.08,0.46,0.66,1.99,2.29
TUCKER,167446,70.01,24.17,0.45,0.78,2.25,2.35
GUZMAN,167044,4.11,0.42,1.29,0.15,0.27,93.77
BURNS,165925,80.26,14.06,0.59,0.78,1.83,2.48
CRAWFORD,164457,68.56,25.65,0.49,0.75,2.3,2.24
OLSON,164035,94.76,0.4,0.66,0.72,1.43,2.03
SIMPSON,163181,70.78,23.09,0.53,0.78,2.3,2.53
PORTER,163054,68.57,25.4,0.55,0.72,2.31,2.45
HUNTER,162440,60.78,32.69,0.48,1.02,2.63,2.41
GORDON,161833,64.25,29.15,0.62,0.68,2.26,3.04
MENDEZ,161717,4.48,0.78,0.48,0.24,0.18,93.83
SILVA,161633,32.61,2.03,2.01,0.39,1.62,61.34
SHAW,160400,72.07,21.19,1.48,0.75,2.15,2.36
SNYDER,160262,94.07,1.46,0.59,0.52,1.45,1.92
MASON,160213,68.82,25.1,0.53,0.76,2.38,2.41
DIXON,159480,54.25,39.26,0.43,0.96,2.61,2.49
MUNOZ,158483,4.89,0.3,0.91,0.21,0.21,93.48
HUNT,158421,73.57,16.93,0.61,4.23,2.35,2.31
HICKS,158320,67.37,26.88,0.42,0.98,2.23,2.13
HOLMES,156780,56.79,37.28,0.42,0.76,2.37,2.38
PALMER,156601,75.08,18.57,0.55,0.81,2.11,2.87
WAGNER,155795,92.47,2.6,0.58,0.54,1.4,2.41
BLACK,154738,74.63,19,0.53,1.44,2.08,2.33
ROBERTSON,153666,73.42,20.61,0.52,0.89,2.11,2.46
BOYD,153469,63.18,30.77,0.51,1.02,2.36,2.16
ROSE,153397,82.08,11.61,0.72,0.64,1.99,2.96
STONE,153329,85.95,8.13,0.65,0.95,1.93,2.39
SALAZAR,152703,5.62,0.27,1.69,0.46,0.3,91.65
FOX,152334,88.08,6.06,0.56,1.03,1.84,2.42
WARREN,152147,70.08,23.94,0.55,0.84,2.26,2.33
MILLS,151942,77.5,16.77,0.51,0.82,2.06,2.33
MEYER,150895,94.84,0.52,0.71,0.29,1.37,2.28
RICE,149500,77.63,16.74,0.57,0.74,1.99,2.33
SCHMIDT,147034,95.15,0.37,0.61,0.34,1.19,2.34
GARZA,147005,6.66,0.24,0.17,0.28,0.15,92.49
DANIELS,146570,54.67,38.54,0.51,0.91,2.68,2.7
FERGUSON,146426,74.83,19.19,0.6,0.62,2.23,2.53
NICHOLS,145584,82.42,11.88,0.52,0.76,1.99,2.43
STEPHENS,144646,73.9,20.31,0.46,0.67,2.12,2.54
SOTO,144451,5.15,0.48,0.44,0.26,0.22,93.45
WEAVER,143837,84.41,9.99,0.52,1.09,1.87,2.12
RYAN,143452,91.65,3.02,0.89,0.43,1.46,2.55
GARDNER,142894,75.01,19.4,0.56,0.7,2.04,2.29
PAYNE,142601,71.55,22.63,0.45,0.58,2.37,2.42
GRANT,142277,55.36,37.91,0.52,1.08,2.35,2.79
DUNN,141427,80.08,14.39,0.75,0.59,1.94,2.25
KELLEY,140693,83.78,10.8,0.55,0.66,2.03,2.18
SPENCER,139951,69.41,23.22,0.76,1.47,2.48,2.67
HAWKINS,139751,61.08,32.75,0.48,0.69,2.5,2.5
ARNOLD,138893,81.27,13.34,0.57,0.55,1.87,2.41
PIERCE,138629,80.98,12.86,0.53,1.06,2.1,2.47
VAZQUEZ,138322,3.53,0.35,0.18,0.06,0.12,95.75
HANSEN,137977,94.22,0.53,0.74,0.49,1.47,2.54
PETERS,137513,82.86,10.41,0.98,1.33,1.86,2.55
SANTOS,137232,20.06,2.31,13.32,0.27,1.85,62.2
HART,137184,80.54,13.64,0.56,0.73,2.01,2.52
BRADLEY,136720,69.12,25.09,0.44,0.82,2.19,2.34
KNIGHT,136713,72.31,21.61,0.52,0.9,2.17,2.5
ELLIOTT,135765,81.62,12.96,0.54,0.66,2,2.21
CUNNINGHAM,135718,73.16,21.18,0.53,0.48,2.07,2.58
DUNCAN,135187,76.39,17.33,0.52,0.99,2.21,2.55
ARMSTRONG,135044,72.39,21.01,0.58,0.93,2.31,2.79
HUDSON,134963,66.88,27.42,0.46,0.84,2.2,2.2
CARROLL,134317,82.95,11.48,0.61,0.67,1.92,2.36
LANE,134227,77.14,16.88,0.61,0.92,2.12,2.33
RILEY,133872,72.79,21.27,0.51,0.87,2.08,2.48
ANDREWS,133799,71.78,21.58,0.78,1.09,2.2,2.57
ALVARADO,133501,4.29,0.33,0.53,0.23,0.2,94.42
RAY,133171,74.97,17.54,1.94,0.93,2.05,2.56
DELGADO,132985,5.57,0.72,0.8,0.19,0.25,92.47
BERRY,132812,70.66,23.11,0.56,0.8,2.34,2.53
PERKINS,131440,69.45,24.6,0.53,0.73,2.33,2.37
HOFFMAN,131401,94.08,1.26,0.63,0.56,1.34,2.12
JOHNSTON,131373,91.62,2.41,0.68,0.83,1.84,2.62
MATTHEWS,131303,63.37,30.67,0.62,0.58,2.36,2.39
PENA,130776,5.34,0.52,1.09,0.31,0.24,92.5
RICHARDS,130529,78.67,14.86,0.66,1.04,1.96,2.81
CONTRERAS,130164,4.19,0.21,0.55,0.25,0.16,94.64
WILLIS,130152,62.22,31.07,0.51,1.33,2.55,2.31
CARPENTER,129898,86.21,8.49,0.57,0.68,1.87,2.18
LAWRENCE,129699,68.87,24.65,0.74,0.93,2.3,2.5
SANDOVAL,128948,5.29,0.21,0.55,1.77,0.25,91.93
GUERRERO,128677,4.55,0.33,2.2,0.22,0.43,92.27
GEORGE,128625,66.47,18.46,7.62,2.24,2.04,3.16
CHAPMAN,127939,79.51,14.62,0.57,0.81,2.03,2.47
RIOS,127794,4.99,0.44,0.43,0.32,0.22,93.61
ESTRADA,127470,4.58,0.43,1.66,0.2,0.28,92.86
ORTEGA,127256,4.77,0.29,1.15,0.43,0.25,93.11
WATKINS,127083,62.03,32.27,0.42,0.64,2.56,2.09
GREENE,126101,67.7,26.54,0.48,0.73,2.34,2.21
NUNEZ,125350,5.28,0.67,0.83,0.26,0.23,92.72
WHEELER,125058,80.96,13.29,0.5,0.93,1.97,2.35
VALDEZ,124995,6.29,0.48,3.35,0.65,0.56,88.66
HARPER,124461,67.9,26.22,0.49,0.72,2.36,2.31
BURKE,122877,85.93,8.76,0.68,0.54,1.68,2.41
LARSON,122587,94.79,0.49,0.74,0.62,1.41,1.95
SANTIAGO,122212,5.41,1.31,4.5,0.14,0.58,88.06
MALDONADO,121526,4.97,0.5,0.4,0.19,0.23,93.71
MORRISON,121130,79.11,14.82,0.61,0.98,1.99,2.49
FRANKLIN,120621,54.38,38.76,0.54,0.83,2.78,2.7
CARLSON,120552,94.83,0.46,0.77,0.49,1.38,2.07
AUSTIN,119706,67.47,26.01,0.61,0.8,2.34,2.78
DOMINGUEZ,119304,5.04,0.38,1.03,0.25,0.21,93.09
CARR,119076,73.61,20.82,0.49,0.59,2.08,2.41
LAWSON,119053,73.84,20.74,0.43,0.65,2.15,2.2
JACOBS,118614,74.28,16.71,0.59,3.75,2.16,2.52
OBRIEN,118557,93.85,1.29,0.76,0.37,1.42,2.32
LYNCH,117708,82.3,11.74,0.59,1.07,1.78,2.52
SINGH,116749,4.29,4.48,82.77,1.15,4.81,2.5
VEGA,116673,5.53,0.56,0.73,0.22,0.29,92.68
BISHOP,116618,84.44,10.14,0.61,0.57,1.86,2.37
MONTGOMERY,115953,67.86,26.23,0.59,0.61,2.37,2.35
OLIVER,115900,64.19,27.45,0.68,0.74,2.43,4.52
JENSEN,115679,93.97,0.44,0.73,0.82,1.4,2.64
HARVEY,115662,68,25,0.52,1.71,2.25,2.52
WILLIAMSON,114959,77.17,17.41,0.5,0.7,1.94,2.27
GILBERT,114940,77.8,15.92,0.57,0.69,2.04,2.98
DEAN,114030,76.61,16.82,1.06,0.68,2.2,2.63
SIMS,113374,54.29,39.89,0.41,0.55,2.62,2.24
ESPINOZA,112154,4.03,0.23,0.38,0.27,0.17,94.91
HOWELL,112041,79.48,15.08,0.46,0.72,1.8,2.46
LI,111786,1.49,0.19,96.78,0.02,0.89,0.63
WONG,111371,3.48,0.79,86.49,0.04,5.2,4
REID,111360,59.83,34.1,0.61,0.56,2.28,2.62
HANSON,111144,92.11,2.85,0.7,0.67,1.55,2.11
LE,110967,1.49,0.23,95.59,0.03,1.92,0.75
MCCOY,110744,66.88,26.71,0.46,0.89,2.43,2.64
GARRETT,110697,69.96,24.45,0.44,0.6,2.34,2.2
BURTON,110529,67.32,27.06,0.53,0.51,2.25,2.34
FULLER,110116,73.22,21.06,0.6,0.63,2.16,2.33
WANG,109883,2.59,0.29,95.24,0.02,1.5,0.35
WEBER,109433,94.29,1.29,0.63,0.36,1.25,2.18
WELCH,108987,83.47,10.44,0.54,1.11,1.9,2.55
ROJAS,108421,4.12,0.37,0.76,0.12,0.16,94.46
LUCAS,107690,69.1,18.51,1.63,0.52,2.19,8.05
MARQUEZ,107533,5.1,0.54,2.83,0.37,0.46,90.7
FIELDS,107522,57.66,35.78,0.39,1.24,2.66,2.28
PARK,106696,23.34,0.79,72.98,0.16,1.74,1
YANG,106033,1.03,0.2,96.81,0.02,1.5,0.45
LITTLE,105936,70.11,24.26,0.44,1.26,1.93,2.01
BANKS,105833,39.27,54.51,0.36,0.43,2.98,2.45
PADILLA,105365,6.15,0.4,2.1,0.79,0.41,90.16
DAY,105091,83.08,10.44,1.02,1.08,1.97,2.4
WALSH,105079,94.48,1.11,0.65,0.23,1.35,2.2
BOWMAN,105007,80.82,13.62,0.48,0.8,2.05,2.23
SCHULTZ,104888,94.81,0.7,0.59,0.41,1.28,2.22
LUNA,104518,8.15,0.4,1.84,0.41,0.41,88.78
FOWLER,104515,81.41,12.89,0.48,0.96,2.1,2.16
MEJIA,104057,3.37,0.45,1.33,0.14,0.2,94.51
DAVIDSON,103930,84.38,10.08,0.65,0.65,1.88,2.35
ACOSTA,103418,6.96,0.62,2.26,0.26,0.43,89.48
BREWER,103318,81.3,12.64,0.42,1.35,2.09,2.19
MAY,103306,83.55,9.57,1.22,0.73,1.89,3.04
HOLLAND,102538,76.77,17.67,0.46,0.57,2.16,2.37
JUAREZ,101949,3.42,0.22,0.39,0.16,0.15,95.66
NEWMAN,101931,83.03,11.08,0.61,0.69,1.99,2.6
PEARSON,101836,72.14,22.51,0.56,0.41,2.14,2.24
CURTIS,101801,77.9,15.84,0.53,1.03,2.13,2.57
CORTEZ,101694,6,0.7,2.92,0.29,0.44,89.65
DOUGLAS,101458,58.62,34.67,0.52,0.7,2.69,2.8
SCHNEIDER,101290,95.35,0.43,0.59,0.27,1.2,2.16
JOSEPH,100959,29.59,54.19,9.76,0.99,2.49,2.98
BARRETT,100104,80.7,13.4,0.67,0.62,1.96,2.65
NAVARRO,99807,6.66,0.38,4.04,0.23,0.55,88.14
FIGUEROA,98468,4.93,0.84,1,0.15,0.26,92.82
KELLER,98268,91.4,3.86,0.57,0.46,1.45,2.26
AVILA,97314,7.02,0.43,1.11,0.23,0.26,90.96
WADE,97040,64.94,29.08,0.47,0.74,2.44,2.34
MOLINA,96979,5.82,0.51,2.28,0.64,0.42,90.32
STANLEY,96867,78.79,15.1,0.74,1.16,1.95,2.27
HOPKINS,96810,73.56,20.66,0.48,0.92,2.25,2.14
CAMPOS,96111,7.11,0.39,1.38,0.21,0.39,90.52
BARNETT,95681,76.44,17.47,0.43,0.9,2.2,2.56
BATES,95622,75.35,18.9,0.55,0.76,2.03,2.41
CHAMBERS,94988,65.7,28.5,0.45,0.58,2.29,2.47
CALDWELL,93944,68.05,26.18,0.42,0.74,2.32,2.29
BECK,93786,90.27,4.53,0.74,0.63,1.66,2.17
LAMBERT,93678,83.66,9.88,0.59,1.3,1.77,2.79
MIRANDA,93628,12.32,1.34,4.21,0.42,0.75,80.97
BYRD,92904,59.01,34.59,0.36,1.3,2.64,2.11
CRAIG,92507,79.03,15.15,0.61,0.78,2.06,2.37
AYALA,92463,4.37,0.54,0.47,0.2,0.18,94.25
LOWE,92260,73.04,19.35,1.68,0.96,2.41,2.56
FRAZIER,92152,56.1,37.36,0.4,1.36,2.51,2.27
POWERS,91970,89.6,5.15,0.65,0.55,1.65,2.39
NEAL,91694,62.1,31.84,0.6,0.68,2.61,2.16
LEONARD,91475,80.38,14.07,0.59,0.77,1.77,2.42
GREGORY,91384,78.64,15.56,0.57,0.75,1.99,2.49
CARRILLO,91129,5.13,0.24,0.68,0.36,0.24,93.33
SUTTON,90964,72.77,21.7,0.48,0.68,2.24,2.13
FLEMING,90677,71.71,22.76,0.62,0.52,2.21,2.19
RHODES,90670,74.76,20.04,0.48,0.62,1.92,2.17
SHELTON,90517,73.49,20.64,0.47,0.67,2.5,2.23
SCHWARTZ,90071,95.93,0.44,0.57,0.21,0.96,1.89
NORRIS,89796,79.88,14.41,0.52,0.94,2.04,2.2
JENNINGS,89700,70.87,23.06,0.7,0.66,2.25,2.45
WATTS,89649,68.62,25.52,0.48,0.77,2.35,2.26
DURAN,89401,9.93,0.54,1.23,0.78,0.41,87.11
WALTERS,89376,82.92,11.29,0.65,0.82,1.69,2.63
COHEN,89091,88.89,5.97,0.66,0.11,1.08,3.29
MCDANIEL,88728,76.18,18.35,0.43,0.64,2.05,2.35
MORAN,88615,64.14,2.43,0.7,0.79,1.13,30.81
PARKS,88586,69.39,24.91,0.59,0.67,2.38,2.06
STEELE,88230,78.25,15.6,0.53,1.15,2.02,2.43
VAUGHN,88060,71.52,22.67,0.44,0.75,2.34,2.27
BECKER,87859,94.89,0.52,0.66,0.34,1.26,2.33
HOLT,87531,79.38,14.85,0.57,0.87,2.24,2.1
DELEON,87414,6.64,1.04,8.31,0.21,0.74,83.06
BARKER,87162,86.48,7.83,0.68,0.65,1.92,2.44
TERRY,87000,66.28,27.34,0.56,0.7,2.44,2.68
HALE,86618,82.23,11.41,0.54,1.19,2.21,2.42
LEON,86363,9.99,2.95,1.04,0.37,0.44,85.21
HAIL,86240,73.14,21.6,0.37,0.53,2.09,2.27
BENSON,86081,77.85,16.24,0.79,0.77,1.95,2.41
HAYNES,85974,61.08,33.19,0.42,0.58,2.25,2.47
HORTON,85195,69.99,24.3,0.52,0.69,2.27,2.23
MILES,84942,61.33,32.35,0.49,0.78,2.61,2.44
LYONS,84516,74.88,19.17,0.5,1.01,2.1,2.34
PHAM,84320,0.9,0.2,96.33,0.03,1.81,0.72
GRAVES,84179,69.64,24.19,0.48,0.71,2.38,2.6
BUSH,84018,71.73,22.44,0.57,0.82,2.15,2.29
THORNTON,83967,67.42,27.08,0.46,0.62,2.34,2.06
WOLFE,83928,90.77,3.6,0.52,1.37,1.66,2.09
WARNER,83781,84.22,10.24,0.65,0.61,1.87,2.41
CABRERA,83621,4.47,0.41,3.52,0.12,0.45,91.02
MCKINNEY,83616,68.84,25.18,0.4,0.88,2.37,2.34
MANN,83510,80.39,9.9,3.61,1.32,2.12,2.66
ZIMMERMAN,83265,93.84,2.32,0.52,0.3,1.18,1.85
DAWSON,83182,68.3,25.88,0.64,0.57,2.29,2.33
LARA,83067,5.67,0.37,1.14,0.3,0.24,92.28
FLETCHER,83063,72.86,20.92,0.58,0.74,2.3,2.6
PAGE,82992,75.12,18.93,0.66,0.65,2.02,2.62
MCCARTHY,82950,92.29,3.25,0.68,0.27,1.27,2.24
LOVE,82873,56.49,37.03,0.54,0.51,2.9,2.53
ROBLES,82458,5.07,0.43,2.05,0.36,0.3,91.78
CERVANTES,82161,3.31,0.16,0.91,0.18,0.14,95.31
SOLIS,82146,5.14,0.4,1.61,0.18,0.24,92.43
ERICKSON,82085,95.05,0.37,0.65,0.57,1.44,1.92
REEVES,81978,77.31,16.52,0.57,0.77,2.12,2.71
CHANG,81939,2.37,0.87,88.84,0.03,4.18,3.71
KLEIN,81471,95.41,0.32,0.6,0.23,1.13,2.3
SALINAS,81156,5.55,0.25,0.9,0.19,0.23,92.88
FUENTES,81006,4.56,0.41,1.31,0.19,0.29,93.24
BALDWIN,80742,76.87,17.25,0.52,0.93,1.99,2.43
DANIEL,80526,62.84,25.56,3.16,0.69,2.15,5.59
SIMON,80460,65.09,22.51,2.75,0.67,1.93,7.06
VELASQUEZ,80364,4.75,0.66,1.71,0.43,0.24,92.22
HARDY,80252,61.47,32.34,0.5,1.2,2.27,2.22
HIGGINS,79803,83.91,10.77,0.56,0.56,1.9,2.3
AGUIRRE,79517,5.1,0.25,1.25,0.2,0.25,92.94
LIN,79508,1.7,0.18,95.85,0.02,1.77,0.47
CUMMINGS,79316,72.52,19.66,0.72,2.33,2.32,2.45
CHANDLER,79186,74.49,19.63,0.6,0.68,2.2,2.4
SHARP,78990,83.57,10.56,0.59,1.02,1.94,2.33
BARBER,78848,75.48,18.38,0.64,1.02,2.08,2.39
BOWEN,78822,82.08,11.96,0.55,0.68,2.01,2.71
OCHOA,78677,4.53,0.29,0.54,0.36,0.18,94.09
DENNIS,78482,65.6,27.84,0.6,0.79,2.29,2.88
ROBBINS,78381,87.57,7.24,0.49,0.91,1.72,2.06
LIU,78370,1.79,0.17,95.62,0.02,1.86,0.54
RAMSEY,78350,77.84,16.51,0.46,0.7,2.02,2.46
FRANCIS,78327,59.48,30.3,2,2.07,2.37,3.78
GRIFFITH,78260,83.93,10.4,0.55,0.67,1.88,2.56
PAUL,78256,66.99,20.13,6.25,2.05,1.92,2.67
BLAIR,78026,79.4,14.67,0.55,0.67,2.18,2.53
OCONNOR,77923,92.81,2.12,0.75,0.33,1.37,2.61
CARDENAS,77652,4.59,0.28,1.02,0.2,0.21,93.7
PACHECO,77642,15.32,0.57,1.16,0.72,0.81,81.43
CROSS,77557,75.47,18.28,0.57,0.91,2.25,2.52
CALDERON,77085,4.95,0.56,1.53,0.16,0.25,92.55
QUINN,76986,86.23,8.34,0.69,0.47,1.63,2.64
MOSS,76908,69.73,24.71,0.48,0.68,2.12,2.28
SWANSON,76897,90.41,4.8,0.7,0.46,1.53,2.1
CHAN,76664,2.75,0.75,89.32,0.05,2.54,4.58
RIVAS,76205,4.88,0.59,0.41,0.28,0.17,93.67
KHAN,76171,6.89,3.86,81.25,0.54,5.27,2.2
RODGERS,76095,70.15,23.84,0.46,0.64,2.22,2.69
SERRANO,75996,5.62,0.7,2.9,0.13,0.31,90.34
FITZGERALD,75356,86.32,8.82,0.67,0.31,1.65,2.22
ROSALES,75185,3.63,0.3,2.39,0.21,0.26,93.21
STEVENSON,75169,63.44,30.19,0.63,0.54,2.5,2.7
CHRISTENSEN,75143,94.42,0.36,0.73,0.6,1.51,2.38
MANNING,74949,73.9,20.34,0.56,0.81,2.03,2.36
GILL,74948,65.23,13.96,13.43,0.59,2.06,4.74
CURRY,74919,59.18,34.93,0.49,0.47,2.41,2.52
MCLAUGHLIN,74816,87.99,7.08,0.58,0.53,1.44,2.38
HARMON,74737,77.26,17.02,0.53,0.73,2.12,2.34
MCGEE,74542,62.25,31.53,0.45,0.73,2.72,2.32
GROSS,74503,84.87,10.34,0.52,0.34,1.48,2.45
DOYLE,74458,89.12,5.66,0.66,0.49,1.68,2.39
GARNER,74324,71.71,22.82,0.48,0.54,2.11,2.34
NEWTON,74092,75.66,18.42,0.62,0.68,2.05,2.56
BURGESS,73931,75.35,18.67,0.63,0.95,2.21,2.17
REESE,73919,66.05,28.24,0.44,0.58,2.07,2.62
WALTON,73854,60.37,34.2,0.4,0.51,2.39,2.13
BLAKE,73797,71.21,22.58,0.56,0.84,2.14,2.68
TRUJILLO,73664,8.39,0.21,0.29,1.63,0.35,89.14
ADKINS,73599,87.2,8.02,0.38,0.84,1.83,1.72
BRADY,73145,87.28,6.89,0.56,0.96,1.65,2.66
GOODMAN,73136,78.33,15.83,0.57,1,1.84,2.43
ROMAN,72918,20.79,1.86,0.97,0.2,0.51,75.67
WEBSTER,72625,73.5,19.75,0.62,1.38,2.25,2.51
GOODWIN,72451,77.04,17.22,0.5,0.86,2.08,2.3
FISCHER,72357,94.34,0.87,0.61,0.4,1.22,2.56
HUANG,72328,0.9,0.11,97.14,0.02,1.42,0.4
POTTER,72175,89.07,5.13,0.56,0.78,1.96,2.5
DELACRUZ,72109,3.86,0.4,16.77,0.19,1.54,77.24
MONTOYA,71844,8.65,0.26,0.87,1.4,0.38,88.44
TODD,71759,80.77,13.58,0.51,0.68,2.11,2.34
WU,71721,1.37,0.18,96.37,0.02,1.59,0.48
HINES,71717,57.72,36.73,0.49,0.49,2.31,2.25
MULLINS,71646,88.75,6.86,0.36,0.52,1.78,1.74
CASTANEDA,71368,4.11,0.22,1.79,0.2,0.25,93.42
MALONE,71286,67.31,26.77,0.56,0.71,2.19,2.46
CANNON,71085,69.78,24.5,0.5,0.54,2.26,2.42
TATE,71058,55.59,38.34,0.61,0.84,2.5,2.12
MACK,71056,44.76,49.06,0.7,0.53,2.59,2.37
SHERMAN,70502,82.74,11.57,0.63,0.98,1.75,2.33
HUBBARD,70362,71.05,23.15,0.45,0.9,2.3,2.15
HODGES,70223,73.41,20.9,0.48,0.56,2.08,2.57
ZHANG,70125,0.99,0.16,98.06,0.02,0.62,0.15
GUERRA,70071,11.26,0.8,0.58,0.5,0.28,86.59
WOLF,70031,93.67,1.07,0.61,1.05,1.46,2.16
VALENCIA,70000,5.32,0.5,3.28,1.21,0.46,89.23
SAUNDERS,69943,67.39,26.12,0.57,0.72,2.57,2.62
FRANCO,69943,15.82,0.63,1.74,0.32,0.5,81
ROWE,69879,79.26,15.06,0.64,0.57,2,2.47
GALLAGHER,69834,94.62,0.69,0.64,0.3,1.26,2.5
FARMER,69617,77.16,17.45,0.47,1.05,1.82,2.07
HAMMOND,69515,78.23,16.09,0.64,0.69,2.16,2.19
HAMPTON,69472,53.7,40.3,0.4,0.72,2.67,2.21
TOWNSEND,69360,67.7,26.42,0.47,0.79,2.25,2.38
INGRAM,69345,61.45,32.98,0.36,0.54,2.25,2.42
WISE,68649,78.63,15.55,0.58,0.71,2.14,2.38
GALLEGOS,68373,7.66,0.19,0.47,0.49,0.29,90.89
CLARKE,68281,61.02,32.1,0.63,0.38,2.32,3.56
BARTON,68233,85.11,7.96,0.59,1.31,1.91,3.12
SCHROEDER,67977,95.36,0.32,0.59,0.49,1.13,2.11
MAXWELL,67961,73.22,20.63,0.61,0.64,2.16,2.74
WATERS,67929,73.39,20.68,0.56,0.85,2.13,2.39
LOGAN,67909,64.8,27.3,0.71,1.08,2.89,3.21
CAMACHO,67893,6.09,0.57,2.9,0.16,0.71,89.56
STRICKLAND,67769,76.23,17.16,0.46,2.15,2.04,1.97
NORMAN,67704,68.97,25.07,0.63,0.63,2.25,2.44
PERSON,67411,45.58,34.51,4.14,1.12,1.78,12.88
COLON,67338,7.58,1.89,0.31,0.14,0.33,89.75
PARSONS,67310,91.09,3.6,0.6,0.67,1.75,2.27
FRANK,67304,84.54,7.96,0.99,2.23,1.6,2.68
HARRINGTON,66959,82.01,12.38,0.72,0.64,1.84,2.41
GLOVER,66858,52.58,41.73,0.51,0.48,2.45,2.24
OSBORNE,66827,82.28,12.39,0.5,0.65,1.97,2.22
BUCHANAN,66648,77.4,17,0.59,0.57,2.01,2.43
CASEY,66556,86.89,7.47,0.66,0.7,1.88,2.41
FLOYD,66454,65.41,29.21,0.41,0.68,2.3,2
PATTON,66293,73.05,20.9,0.49,0.88,2.25,2.44
IBARRA,66063,2.95,0.15,1.24,0.12,0.23,95.32
BALL,66059,82.32,12,0.96,0.58,1.78,2.35
TYLER,66056,61.96,30.99,0.54,1.35,2.7,2.46
SUAREZ,66013,6.79,0.57,2.11,0.14,0.27,90.12
BOWERS,66003,83.4,11.53,0.47,0.6,1.73,2.27
OROZCO,65904,3.4,0.17,0.39,0.15,0.12,95.76
SALAS,65468,6.46,0.38,2.05,0.31,0.58,90.22
COBB,65125,69.98,24.79,0.44,0.64,2.13,2.02
GIBBS,65064,65.85,28.29,0.49,0.69,2.25,2.42
ANDRADE,65037,15.43,3.24,1.62,0.26,1.26,78.19
BAUER,65004,95.1,0.39,0.59,0.38,1.17,2.38
CONNER,64572,78.57,16.17,0.47,0.57,2.02,2.2
MOODY,64429,71.27,22.86,0.44,0.76,1.95,2.71
ESCOBAR,64403,5.17,0.41,1.55,0.18,0.26,92.44
MCGUIRE,64327,88,6.33,0.65,0.56,1.86,2.61
LLOYD,64202,72.59,22.11,0.55,0.44,2.03,2.29
MUELLER,64191,95.66,0.31,0.64,0.24,1.14,2.02
HARTMAN,64106,93.86,1.62,0.65,0.45,1.29,2.13
FRENCH,63991,85.75,8.1,0.66,1.11,1.92,2.45
KRAMER,63936,95.35,0.34,0.61,0.25,1.24,2.21
MCBRIDE,63899,74.28,19.88,0.44,0.8,2.02,2.57
POPE,63881,70.83,23.77,0.47,0.61,2.13,2.19
LINDSEY,63760,67.78,25.72,0.79,0.68,2.73,2.31
VELAZQUEZ,63736,3.26,0.44,0.12,0.12,0.11,95.95
NORTON,63722,87.84,6.55,0.55,1.19,1.75,2.12
MCCORMICK,63649,87.33,7.59,0.57,0.42,1.61,2.48
SPARKS,63440,84.22,10.43,0.42,0.74,1.99,2.21
FLYNN,63400,91.91,3.07,0.66,0.6,1.5,2.26
YATES,63254,80.58,14.07,0.49,0.54,2.07,2.25
HOGAN,63085,80.12,14.44,0.53,0.61,1.84,2.46
MARSH,62304,82.74,12.04,0.54,0.57,1.9,2.22
MACIAS,62227,4.92,0.17,0.4,0.21,0.16,94.14
VILLANUEVA,61883,4.25,0.43,12.29,0.26,1.01,81.77
ZAMORA,61729,5.38,0.31,2.52,0.26,0.33,91.21
PRATT,61671,78.04,15.69,0.62,1,2.02,2.63
STOKES,61639,58.27,36,0.36,0.45,2.39,2.52
OWEN,61630,91.78,2.37,0.73,0.87,1.71,2.54
BALLARD,61625,75.26,19.17,0.42,0.82,2.09,2.23
LANG,61529,81.36,10.38,3.31,0.59,1.84,2.52
BROCK,61369,83.03,11.74,0.46,0.76,1.98,2.02
VILLARREAL,61355,6.45,0.23,0.19,0.15,0.13,92.85
CHARLES,61211,33.69,52.96,1.01,2.07,2.37,7.9
DRAKE,61162,79.55,14.92,0.52,0.62,2.04,2.34
BARRERA,60998,5.01,0.27,1.14,0.2,0.21,93.18
CAIN,60948,77.21,17,0.75,0.6,2.11,2.33
PATRICK,60845,73.73,20.35,0.73,1.03,2.01,2.15
PINEDA,60820,3.29,0.32,5.28,0.12,0.32,90.67
BURNETT,60791,69.91,24.06,0.41,0.74,2.52,2.36
MERCADO,60761,5.24,0.58,6.85,0.14,0.63,86.55
SANTANA,60667,6.13,1.31,0.54,0.11,0.33,91.59
SHEPHERD,60479,78.64,15.94,0.54,0.89,1.95,2.04
BAUTISTA,60264,3.16,0.27,18.23,0.28,1.27,76.8
ALI,60002,17.33,30.71,42.91,0.51,5.66,2.87
SHAFFER,59943,93.08,2.54,0.55,0.4,1.5,1.92
LAMB,59913,86.1,8.62,0.7,0.54,1.73,2.29
TREVINO,59882,7.83,0.29,0.2,0.4,0.22,91.06
MCKENZIE,59595,64.64,28.63,0.69,0.74,2.28,3.03
HESS,59486,94.63,0.93,0.55,0.53,1.38,1.98
BEIL,59463,62.1,32.08,0.34,0.87,2.29,2.33
OLSEN,59356,93.69,0.34,0.77,0.76,1.79,2.65
COCHRAN,59350,85.29,9.05,0.5,1.24,1.67,2.24
MORTON,59213,74,19.74,0.66,0.86,2.29,2.45
NASH,58714,69.34,24.62,0.53,0.8,2.43,2.29
WILKINS,58634,63.09,30.56,0.43,0.89,2.36,2.66
PETERSEN,58480,93.42,1.33,0.76,0.44,1.55,2.51
BRIGGS,58408,75.92,18.56,0.51,0.67,2.1,2.24
SHAH,58287,3.59,0.94,91.74,0.34,2.7,0.7
ROTH,58278,94.86,0.5,0.9,0.29,1.19,2.27
NICHOLSON,58151,74.25,19.89,0.54,0.62,2.15,2.54
HOLLOWAY,58040,58.27,36.07,0.4,0.61,2.53,2.12
LOZANO,57779,5.96,0.29,1.55,0.2,0.26,91.73
RANGEL,57549,6.01,0.29,0.28,0.22,0.18,93.02
FLOWERS,57549,53.12,40.28,0.4,0.63,2.8,2.77
HOOVER,57497,92.03,3.37,0.59,0.64,1.5,1.87
SHORT,57477,84.12,10.24,0.59,0.86,2.01,2.18
ARIAS,57477,5.12,0.4,1.06,0.14,0.21,93.07
MORA,57464,7.38,0.45,1.07,0.26,0.26,90.59
VALENZUELA,57383,4.95,0.21,2.4,1.67,0.4,90.36
BRYAN,57143,81.33,11.79,0.64,0.63,1.77,3.83
MEYERS,57127,89.78,4.64,0.76,0.62,1.82,2.38
WEISS,57112,95.58,0.38,0.65,0.2,0.95,2.24
UNDERWOOD,57064,79.2,15.03,0.48,1.09,2.03,2.17
BASS,57044,69.18,24.53,0.49,0.77,2.31,2.72
GREER,57043,73.3,21.33,0.49,0.45,2.07,2.36
SUMMERS,56953,78.93,14.8,0.54,1.1,2.29,2.34
HOUSTON,56900,52.07,41.49,0.5,0.63,2.81,2.51
CARSON,56872,72.25,21.67,0.61,0.78,2.28,2.41
MORROW,56840,79.85,14.72,0.52,0.72,2.04,2.15
CLAYTON,56638,69.14,25.47,0.45,0.53,2.23,2.18
WHITAKER,56616,70.71,24.33,0.46,0.45,2.02,2.03
DECKER,56576,93.96,0.9,0.51,0.58,1.61,2.45
YODER,56410,97.77,0.19,0.23,0.15,0.73,0.93
COLLIER,56380,66.97,27.39,0.47,0.6,2.41,2.15
ZUNIGA,56347,4.45,0.48,0.75,0.23,0.16,93.92
CAREY,56322,80.9,13.52,0.6,0.67,2.05,2.25
WILCOX,56286,83.89,10.42,0.56,0.78,1.87,2.48
MELENDEZ,56230,4.96,0.99,0.48,0.22,0.26,93.08
POOLE,56226,72.56,22.71,0.48,0.42,1.97,1.85
ROBERSON,56180,51.34,42.78,0.38,0.52,2.74,2.23
LARSEN,55960,94.16,0.51,0.75,0.7,1.5,2.37
CONLEY,55917,79.78,15.39,0.42,0.55,2.02,1.85
DAVENPORT,55895,71.76,22.32,0.49,0.69,2.38,2.36
COPELAND,55850,65.85,28.28,0.46,0.71,2.39,2.31
MASSEY,55595,73.18,20.42,1.06,1.07,1.96,2.32
LAM,55554,6.84,0.57,87.99,0.05,1.99,2.56
HUFF,55484,81.37,13.41,0.52,0.7,1.88,2.11
ROCHA,55251,16.45,0.83,0.8,0.34,0.49,81.08
CAMERON,55240,75.52,17.86,0.66,0.73,2.09,3.14
JEFFERSON,55179,17.45,74.24,0.4,1.9,3.54,2.47
HOOD,55174,74.07,20.16,0.52,1,2.07,2.18
MONROE,55136,62.88,29.27,0.5,1.53,2.53,3.28
ANTHONY,55114,59.82,31.93,1.53,0.62,2.29,3.82
PITTMAN,55021,63.55,31.31,0.36,0.65,2.14,1.99
HUYNH,54996,0.82,0.09,96.68,0.02,1.72,0.67
RANDALL,54764,74.65,19.07,0.64,1.16,2.17,2.3
SINGLETON,54621,45.91,48.62,0.38,0.41,2.48,2.2
KIRK,54394,82.37,10.56,1.29,1.38,2.06,2.34
COMBS,54257,86.08,9.13,0.45,0.57,1.86,1.91
MATHIS,54217,61.94,32.65,0.29,0.59,2.2,2.33
CHRISTIAN,54198,66.41,24.57,2.33,0.59,2.49,3.62
SKINNER,54046,79.34,15.03,0.48,0.66,1.96,2.53
BRADFORD,54015,64.77,29.1,0.51,0.64,2.48,2.5
RICHARD,53893,70.35,23.46,0.9,0.57,1.97,2.75
GALVAN,53822,6.06,0.27,0.8,0.38,0.23,92.26
WALL,53794,86.1,8.21,0.75,0.81,1.81,2.31
BOONE,53792,62.39,31.01,0.52,1.38,2.36,2.35
KIRBY,53767,85.9,9.16,0.5,0.73,1.78,1.93
WILKINSON,53739,88.16,6.52,0.63,0.61,1.74,2.36
BRIDGES,53682,67.71,27.05,0.46,0.52,2.16,2.1
BRUCE,53419,77.35,15.89,0.74,1.13,2.2,2.7
ATKINSON,53376,79.31,13.96,0.55,0.55,1.73,3.9
VELEZ,53265,6.8,0.92,0.88,0.07,0.3,91.03
MEZA,53230,3.73,0.26,0.18,0.18,0.11,95.53
ROY,53159,75.2,9.04,9.69,1.54,1.96,2.57
VINCENT,53095,78.93,13.95,1.4,0.63,1.97,3.12
YORK,53059,85.81,8.04,0.9,1,1.97,2.28
HODGE,52920,68.67,24.92,0.43,0.65,2.43,2.9
VILLA,52817,8.08,0.39,2.06,0.31,0.42,88.74
ABBOTT,52739,89.5,4.89,0.65,0.66,1.78,2.53
ALLISON,52701,80.72,13.1,0.57,1.34,1.99,2.28
TAPIA,52651,4.85,0.29,0.71,0.4,0.22,93.54
GATES,52569,75.04,19.13,0.62,0.76,2.06,2.38
CHASE,52481,81.84,11.39,0.72,1.47,2.07,2.5
SOSA,52457,5.1,0.52,0.72,0.18,0.16,93.31
SWEENEY,52410,90.6,4.76,0.56,0.39,1.3,2.38
FARRELL,52321,89.88,4.78,0.73,0.54,1.41,2.65
WYATT,52211,75.71,18.63,0.42,0.67,2.07,2.49
DALTON,52184,86.84,7.71,0.57,0.67,1.87,2.32
HORN,52138,85.15,8.65,0.98,1.18,1.82,2.22
BARRON,52070,46.37,8.83,0.7,0.39,1.18,42.52
PHELPS,52044,85.1,9.68,0.52,0.6,1.82,2.29
YU,52035,1.46,0.12,96.1,0.02,1.61,0.69
DICKERSON,51889,62.97,31.57,0.43,0.42,2.52,2.09
HEATH,51877,80.3,14.38,0.51,0.77,1.8,2.24
FOLEY,51865,92.05,3.31,0.73,0.3,1.51,2.1
ATKINS,51671,67.62,26.67,0.5,0.59,2.4,2.21
MATHEWS,51592,74.63,15.36,4.24,0.73,2.21,2.83
BONILLA,51475,4.48,0.7,1.17,0.17,0.25,93.23
ACEVEDO,51351,5.11,0.6,0.42,0.16,0.17,93.54
BENITEZ,51288,3.76,0.5,1.59,0.09,0.19,93.86
ZAVALA,51153,3.29,0.2,0.18,0.09,0.12,96.13
HENSLEY,51081,92.83,1.88,0.47,0.98,1.79,2.06
GLENN,51043,61.41,32.78,0.48,0.63,2.39,2.32
CISNEROS,50920,4.58,0.2,0.2,0.12,0.17,94.73
HARRELL,50837,66.08,28.84,0.35,0.51,2.2,2.01
SHIELDS,50832,75.83,18.5,0.64,0.95,1.9,2.18
RUBIO,50788,5.35,0.28,1.8,0.27,0.25,92.04
HUFFMAN,50786,91.2,4.31,0.46,0.47,1.64,1.91
CHOI,50786,1.57,0.31,96.09,0.01,1.49,0.54
BOYER,50742,88.78,5.45,0.62,0.61,1.86,2.68
GARRISON,50686,83.09,11.02,0.5,0.83,2.09,2.48
ARROYO,50614,4.62,0.63,1.06,0.13,0.24,93.31
BOND,50610,75.91,17.88,0.58,0.85,2.34,2.43
KANE,50584,89.08,4.57,1.67,0.47,1.77,2.43
HANCOCK,50558,87.33,7.65,0.48,0.61,1.7,2.23
CALLAHAN,50524,89.8,5.28,0.6,0.53,1.55,2.23
DILLON,50465,84.36,9.7,0.72,0.98,1.65,2.58
CLINE,50258,92.86,2.15,0.51,0.87,1.61,2
WIGGINS,50247,54.67,39.64,0.33,0.65,2.37,2.33
GRIMES,50245,74.91,19.49,0.39,0.58,2.18,2.45
ARELLANO,50104,4.49,0.1,2.61,0.28,0.39,92.12
MELTON,50069,79.76,14.2,0.51,1.06,2.12,2.34
ONEILL,50028,92.67,0.94,0.77,0.27,1.36,3.99
SAVAGE,49914,74.84,19.57,0.5,0.8,2.07,2.22
HO,49817,2.42,0.2,93.06,0.03,3.21,1.08
BELTRAN,49776,4.94,0.38,3.34,0.16,0.32,90.85
PITTS,49740,63.23,31.35,0.46,0.51,2.33,2.12
PARRISH,49733,80.21,14.18,0.49,1.26,1.84,2.01
PONCE,49549,5.13,0.38,2.03,0.21,0.36,91.89
RICH,49481,85.2,9.29,0.67,0.56,1.87,2.41
BOOTH,49402,83.38,10.84,0.63,1.05,1.76,2.34
KOCH,49395,95.29,0.26,0.73,0.29,1.12,2.3
GOLDEN,49360,74.7,19.85,0.54,0.61,2.02,2.28
WARE,49316,48.69,44.88,0.47,0.82,2.75,2.39
BRENNAN,49238,94.56,0.8,0.83,0.24,1.26,2.32
MCDOWELL,49217,69.7,24.86,0.48,0.62,2.09,2.25
MARKS,49177,79.93,13.99,0.73,0.9,1.91,2.53
CANTU,49126,7.85,0.62,0.2,0.23,0.21,90.89
HUMPHREY,49056,71.31,23.21,0.45,0.67,2.1,2.26
BAXTER,49033,80.37,13.87,0.6,0.63,2.07,2.47
SAWYER,49028,80.83,13.62,0.71,0.57,1.99,2.29
CLAY,48844,52.74,40.5,0.49,0.94,2.9,2.43
TANNER,48813,82.75,10.94,0.63,1.14,2.21,2.32
HUTCHINSON,48781,75.38,18.49,0.71,0.72,2.2,2.51
KAUR,48753,1.13,0.27,96.09,0.64,1.5,0.37
BERG,48746,94.69,0.35,0.73,0.47,1.44,2.32
WILEY,48720,65.71,28.68,0.46,0.64,2.28,2.23
GILMORE,48719,65.41,28.06,0.52,0.87,2.55,2.59
RUSSO,48696,93.85,0.43,0.5,0.14,0.94,4.14
VILLEGAS,48599,3.97,0.29,3.24,0.24,0.39,91.88
HOBBS,48522,79.07,15.54,0.38,0.81,1.96,2.25
KEITH,48487,79.32,14.52,0.67,1.08,2.13,2.28
WILKERSON,48444,64.68,29.39,0.45,0.61,2.59,2.27
AHMED,48319,15.69,22.02,56.54,0.36,3.96,1.44
BEARD,48207,74.91,19.61,0.45,0.67,1.99,2.38
MCCLAIN,48165,61.11,33.1,0.36,0.49,2.57,2.37
MONTES,48142,5.46,0.65,0.79,0.3,0.22,92.58
MATA,48120,5.86,0.33,2.58,0.34,0.5,90.39
ROSARIO,48051,5.73,1.8,4.51,0.1,0.82,87.02
VANG,48036,1.37,0.0,96.7,0.0,1.41,0.42
WALTER,48024,88.57,6.2,0.94,0.54,1.42,2.34
HENSON,48013,82.06,10.79,1.03,1.3,2.45,2.37
ONEAL,47979,64.55,29.17,0.44,0.74,2.62,2.48
MOSLEY,47963,40.49,53.16,0.33,0.61,3.15,2.27
MCCLURE,47742,84.62,9.74,0.57,0.83,1.94,2.3
BEASLEY,47693,67.02,27.62,0.42,0.67,2.32,1.95
STEPHENSON,47641,80.06,13.96,0.61,0.69,2.04,2.65
SNOW,47528,85,8.97,0.61,1.42,2.05,1.94
HUERTA,47455,3.78,0.2,0.27,0.14,0.14,95.47
PRESTON,47367,73.18,20.4,0.57,1.05,2.3,2.49
VANCE,47324,81.62,12.88,0.55,0.65,1.86,2.44
BARRY,47274,84.47,10.54,0.76,0.37,1.37,2.49
JOHNS,47246,79.78,12.77,0.79,1.95,2.18,2.53
EATON,47184,85.11,9.56,0.54,0.76,1.72,2.31
BLACKWELL,47175,65.69,28.46,0.39,0.77,2.64,2.05
DYER,47170,83.22,11.36,0.51,0.65,1.76,2.5
PRINCE,47168,66.42,26.45,0.71,0.92,2.36,3.14
MACDONALD,46717,93.72,1.06,0.85,0.43,1.58,2.37
SOLOMON,46534,57.83,32.11,3.13,1.36,2.41,3.15
GUEVARA,46454,4.34,0.51,2.71,0.2,0.34,91.9
STAFFORD,46394,79.14,15.07,0.48,0.93,2.16,2.23
ENGLISH,46393,71.37,22.42,0.72,0.57,2.48,2.44
HURST,46244,84.5,10.53,0.47,0.54,1.79,2.18
WOODARD,46240,59.9,34.6,0.48,0.59,2.21,2.22
CORTES,46229,4.83,0.4,2.06,0.09,0.22,92.4
SHANNON,46147,75.16,19.51,0.54,0.4,2.03,2.36
KEMP,46146,71.72,22.83,0.49,0.69,2.21,2.07
NOLAN,46054,86.85,7.44,0.58,0.56,1.66,2.91
MCCULLOUGH,45852,73.27,21.17,0.5,0.45,2.01,2.6
MERRITT,45594,75.08,19.67,0.5,0.69,1.95,2.11
MURILLO,45558,4.4,0.36,0.87,0.29,0.24,93.84
MOON,45528,65.69,10.02,19.1,0.99,2.18,2.02
SALGADO,45469,4.08,0.3,1.23,0.34,0.19,93.86
STRONG,45432,66.84,25.83,0.8,1.45,2.47,2.6
KLINE,45390,94.18,1.62,0.51,0.34,1.33,2.02
CORDOVA,45305,10.25,0.63,1.34,0.76,0.51,86.51
BARAJAS,45153,3.06,0.1,0.13,0.15,0.1,96.46
ROACH,45019,80.26,13.99,0.5,0.84,1.76,2.65
ROSAS,44938,3.86,0.25,0.51,0.18,0.12,95.08
WINTERS,44914,79.11,15.08,0.52,0.84,2.05,2.41
JACOBSON,44808,94.66,0.4,0.76,0.53,1.47,2.18
LESTER,44784,75.78,18.6,0.43,1.21,1.75,2.22
KNOX,44742,63.4,30.58,0.49,0.74,2.49,2.31
BULLOCK,44740,61.59,32.96,0.46,0.61,2.23,2.15
KERR,44711,86.86,7.52,0.8,0.6,1.78,2.44
LEACH,44581,80.28,13.84,0.58,0.88,1.99,2.42
MEADOWS,44500,81.24,14.17,0.4,0.48,1.81,1.9
ORR,44388,79.42,15,0.65,0.77,1.96,2.2
DAVILA,44388,6.64,0.7,0.33,0.18,0.2,91.95
WHITEHEAD,44373,70.49,24.03,0.4,0.73,2.23,2.11
PRUITT,44365,73.19,21.5,0.32,0.71,2.27,2.01
KENT,44325,83.88,10.41,0.81,0.67,1.94,2.29
CONWAY,44320,81.76,12.47,0.63,0.71,1.94,2.49
MCKEE,44137,87.42,6.81,0.63,0.84,1.94,2.35
BARR,44130,82.69,11.74,0.59,1.04,1.67,2.26
DAVID,44040,59.45,14.86,13.85,1.73,2.52,7.59
DEJESUS,44038,5.89,1.56,7.72,0.22,0.69,83.92
MARIN,43904,11.07,1.07,0.81,0.17,0.32,86.58
BERGER,43851,92.33,2.48,0.69,0.34,1.36,2.8
MCINTYRE,43842,78.51,16.27,0.54,0.43,1.93,2.32
BLANKENSHIP,43830,93.71,2.03,0.36,0.77,1.51,1.63
GAINES,43821,42.93,50.72,0.33,0.58,3.06,2.37
PALACIOS,43798,4.28,0.4,0.87,0.15,0.24,94.05
CUEVAS,43701,7.35,0.28,1.74,0.16,0.23,90.24
BARTLETT,43648,90.56,3.71,0.66,0.65,1.82,2.6
DURHAM,43635,73.03,21.54,0.43,0.63,2.2,2.17
DORSEY,43631,41.84,52.16,0.4,0.48,3.18,1.95
MCCALL,43483,66.52,28.22,0.45,0.55,2.05,2.21
ODONNELL,43460,95.1,0.47,0.56,0.27,1.22,2.38
STEIN,43389,94.4,1.02,0.7,0.36,1.16,2.36
BROWNING,43329,87.47,7.28,0.43,0.7,1.83,2.28
STOUT,43305,92.05,2.29,0.65,0.89,1.71,2.42
LOWERY,43278,67.95,22.96,0.36,4.48,2.18,2.07
SLOAN,43261,79.42,13.85,0.56,1.84,2.09,2.25
MCLEAN,43260,66.95,26.91,0.66,0.7,2.14,2.63
HENDRICKS,43197,75.7,17.4,0.56,1.35,2.21,2.78
CALHOUN,43180,61.69,32.99,0.48,0.52,2.26,2.07
SEXTON,43133,91.43,3.64,0.46,0.74,1.58,2.14
CHUNG,43110,2.25,2.28,90.01,0.03,4.02,1.4
GENTRY,43027,82.09,12.15,0.42,0.73,2.09,2.52
HULL,43018,85.54,8.62,0.62,0.74,1.88,2.6
DUARTE,42983,16.2,1.67,0.88,0.29,0.97,79.99
ELLISON,42827,65.84,28.32,0.59,0.57,2.29,2.4
NIELSEN,42773,94.15,0.35,0.88,0.41,1.5,2.71
GILLESPIE,42693,81.2,13.84,0.47,0.48,1.72,2.29
BUCK,42639,88.1,5.71,0.78,1.43,1.92,2.06
MIDDLETON,42578,66.71,28.16,0.5,0.46,2.06,2.11
SELLERS,42577,76.51,17.84,0.47,1.04,2.01,2.13
LEBLANC,42575,86.17,8.75,0.46,0.68,1.44,2.49
ESPARZA,42559,5.12,0.14,0.18,0.24,0.15,94.17
HARDIN,42469,77.67,16,0.58,1.41,2.19,2.15
BRADSHAW,42465,78.07,16.42,0.45,0.57,2.16,2.34
MCINTOSH,42379,69.76,23.8,0.55,1.08,2.5,2.3
HOWE,42265,90.62,3.18,0.99,1.27,1.83,2.1
LIVINGSTON,42103,72.08,20.89,0.54,1.94,2.03,2.52
FROST,42015,86.46,7.69,0.74,0.94,1.99,2.19
GLASS,41802,76.99,17.35,0.44,1.06,1.88,2.29
MORSE,41774,90.54,4.31,0.72,0.57,1.8,2.06
KNAPP,41771,94.71,0.58,0.64,0.44,1.36,2.27
HERMAN,41750,90.49,3.4,0.9,1.01,1.26,2.94
STARK,41735,92.48,2.25,0.58,0.7,1.53,2.46
BRAVO,41700,6.21,0.65,1.9,0.29,0.35,90.6
NOBLE,41667,77.69,14.4,1.65,0.74,2.12,3.4
SPEARS,41665,66.95,26.34,0.46,1.56,2.47,2.23
WEEKS,41565,84.38,9.97,0.55,0.84,1.81,2.45
CORONA,41553,8.59,0.3,0.43,0.15,0.25,90.28
FREDERICK,41394,80.13,14.07,0.62,0.82,1.94,2.42
BUCKLEY,41348,83.18,11.48,0.57,0.73,1.69,2.37
MCFARLAND,41300,78.85,15.64,0.61,0.55,2.12,2.23
HEBERT,41275,90.43,4.85,0.45,0.55,1.35,2.36
ENRIQUEZ,41271,4.04,0.55,7.92,0.42,0.56,86.51
HICKMAN,41163,75.17,18.66,0.45,1.26,2.2,2.27
QUINTERO,41158,4.21,0.37,0.42,0.75,0.16,94.09
RANDOLPH,41129,55.87,37.71,0.47,0.7,2.88,2.37
SCHAEFER,41063,95.05,0.46,0.68,0.35,1.31,2.16
WALLS,41025,68.68,25.39,0.37,0.77,2.37,2.42
TREJO,41021,3.96,0.36,0.13,0.25,0.16,95.13
HOUSE,41000,75.1,18.7,0.42,1.47,2.25,2.05
REILLY,40884,95.27,0.43,0.7,0.13,1.16,2.31
PENNINGTON,40854,87.86,7.23,0.41,0.53,1.76,2.2
MICHAEL,40736,83.59,8.88,1.95,0.67,1.85,3.06
CONRAD,40707,92.02,3.14,0.62,0.58,1.48,2.16
GILES,40598,64.94,26.15,0.44,0.48,2.32,5.66
BENJAMIN,40590,49.04,41.58,2.49,0.9,2.61,3.38
CROSBY,40563,70.03,24.02,0.54,0.72,2.19,2.5
FITZPATRICK,40449,85.59,9.42,0.6,0.4,1.67,2.32
DONOVAN,40410,92.94,2,0.68,0.27,1.33,2.79
MAYS,40408,54.75,39.68,0.36,0.56,2.66,1.98
MAHONEY,40397,91.1,4.28,0.63,0.24,1.48,2.27
VALENTINE,40395,66.06,23.29,0.66,0.5,2.14,7.35
RAYMOND,40275,79.07,13.61,1.05,0.94,2.05,3.28
MEDRANO,40261,4.27,0.3,1.94,0.21,0.3,92.98
HAHN,40250,90.16,0.48,5.69,0.33,1.3,2.04
MCMILLAN,40237,67.96,25.64,0.59,1.27,2.4,2.15
SMALL,40212,62.66,30.81,0.58,1.41,1.93,2.61
BENTLEY,40193,82.48,12.38,0.52,0.46,1.87,2.29
FELIX,40165,17.5,11.56,2.8,0.89,0.96,66.29
PECK,40055,90.68,3.6,0.9,0.5,1.68,2.64
LUCERO,39986,11.1,0.22,2.67,2.89,0.7,82.41
BOYLE,39921,93.52,2.02,0.61,0.29,1.29,2.26
HANNA,39890,87.09,6.4,0.98,0.57,2.24,2.71
PACE,39879,78.26,16.49,0.67,0.51,1.71,2.35
RUSH,39802,74.04,20.81,0.46,0.68,1.86,2.16
HURLEY,39796,90.71,4.64,0.65,0.62,1.48,1.9
HARDING,39787,80.14,13.64,0.61,0.88,2.19,2.53
MCCONNELL,39754,88.76,5.98,0.58,0.8,1.78,2.1
BERNAL,39693,7.95,0.41,2.39,0.31,0.39,88.54
NAVA,39670,4.48,0.27,1.08,0.22,0.2,93.76
AYERS,39623,82.96,11.66,0.6,0.58,2.13,2.07
EVERETT,39593,68.9,24.59,0.51,0.7,2.1,3.21
VENTURA,39580,18.8,0.77,4.64,0.29,1.04,74.47
AVERY,39564,71.13,22.93,0.51,0.75,2.39,2.29
PUGH,39559,67.24,28.07,0.45,0.43,1.98,1.82
MAYER,39555,93.11,1.25,0.91,0.36,1.34,3.04
BENDER,39551,88.49,6.53,0.67,0.64,1.6,2.08
