Michael,59279,94.363,2.142,1.592,0.092,0.118,1.693
John,51552,94.384,1.729,1.932,0.124,0.101,1.729
David,48135,92.808,1.393,2.393,0.106,0.077,3.223
Robert,48078,94.511,2.161,0.924,0.128,0.137,2.138
James,45560,94.016,3.279,1.472,0.116,0.118,1
William,31856,94.523,2.558,1.3,0.103,0.119,1.397
Richard,28917,93.697,1.409,1.801,0.079,0.145,2.869
Thomas,27341,95.917,1.31,1.569,0.113,0.117,0.974
Mark,23824,96.338,1.175,1.054,0.063,0.1,1.271
Mary,121,92.351,3.327,1.526,0.174,0.114,2.509
Joseph,22110,92.139,2.553,2.12,0.144,0.108,2.936
Daniel,20785,90.491,1.15,1.859,0.172,0.139,6.189
Christopher,20693,94.544,1.998,1.401,0.125,0.144,1.786
Susan,149,96.281,0.5,1.872,0.082,0.148,1.117
Jennifer,75,94.436,1.199,2.216,0.072,0.134,1.943
Steven,18728,95.271,1.181,2.054,0.074,0.069,1.351
Jeffrey,18334,96.739,1.022,1.315,0.109,0.125,0.69
Brian,18251,96.182,1.338,1.59,0.098,0.076,0.716
Paul,17291,93.143,1.452,3.066,0.109,0.092,2.138
Patricia,182,90.067,3.919,0.787,0.136,0.154,4.937
Charles,16205,91.379,5.547,1.494,0.16,0.191,1.23
Linda,106,92.674,3.114,1.899,0.08,0.136,2.097
Matthew,15273,97.349,0.679,0.783,0.078,0.091,1.019
Karen,98,94.706,2.456,1.516,0.074,0.081,1.167
Scott,14700,98.311,0.271,0.868,0.061,0.061,0.427
Kevin,14654,92.962,2.836,3.237,0.061,0.088,0.816
Lisa,38,93.639,2.346,1.662,0.109,0.116,2.127
Timothy,14411,96.274,1.763,1.044,0.138,0.09,0.691
Stephen,13898,96.291,1.112,1.729,0.057,0.05,0.76
Barbara,46,93.068,4.551,0.583,0.093,0.078,1.626
Elizabeth,55,90.547,1.523,1.759,0.102,0.102,5.967
Kenneth,12442,92.305,4.224,2.168,0.088,0.152,1.064
Gary,12081,95.396,1.68,1.903,0.091,0.132,0.799
Donald,12026,95.057,3.251,0.722,0.166,0.083,0.722
Ronald,11869,92.396,4.029,1.586,0.201,0.176,1.611
Jason,11768,93.542,1.574,2.861,0.161,0.195,1.667
Nancy,133,93.158,0.85,2.185,0.113,0.104,3.59
Maria,158,34.521,0.902,5.323,0.018,0.107,59.128
Andrew,10910,93.212,1.69,3.07,0.11,0.037,1.882
Kathleen,41,97.654,0.515,0.837,0.092,0.129,0.773
Eric,10796,89.53,3.727,3.496,0.129,0.148,2.97
Deborah,48,93.945,3.652,0.676,0.094,0.141,1.493
Gregory,10459,93.965,3.871,0.896,0.086,0.114,1.068
Anthony,10293,84.161,7.199,3.154,0.174,0.213,5.099
Edward,10078,89.221,3.422,2.937,0.148,0.129,4.144
Peter,10013,91.675,1.144,5.043,0.099,0.099,1.94
Michelle,41,90.682,3.402,2.584,0.151,0.131,3.049
Sandra,99,86.714,4.34,1.06,0.204,0.102,7.58
Amy,31,95.56,0.358,2.844,0.143,0.102,0.992
Kimberly,33,93.982,3.756,0.892,0.104,0.176,1.09
Laura,38,92.509,0.756,0.872,0.137,0.137,5.589
George,9230,86.945,4.891,3.088,0.194,0.173,4.708
Cynthia,62,89.131,4.88,1.941,0.11,0.165,3.773
Carol,174,94.481,2.561,1.258,0.121,0.132,1.446
Donna,82,95.083,2.609,0.937,0.1,0.145,1.126
Julie,35,95.087,0.4,2.822,0.114,0.114,1.462
Jose,8557,7.244,0.289,2.534,0.081,0.023,89.829
Patrick,8524,93.944,2.432,2.257,0.082,0.082,1.204
Douglas,8473,96.767,1.211,1.011,0.082,0.141,0.788
Christine,37,93.444,1.386,3.097,0.06,0.108,1.904
Sharon,150,91.302,5.766,1.877,0.172,0.147,0.736
Pamela,74,92.688,4.776,1.108,0.086,0.123,1.219
Dennis,7628,93.49,1.927,2.838,0.117,0.117,1.51
Diane,79,94.47,2.464,1.246,0.096,0.082,1.643
Rebecca,20,94.052,0.83,1.369,0.124,0.138,3.486
Margaret,36,93.407,3.102,1.357,0.139,0.111,1.884
Kelly,561,96.814,0.707,1.538,0.139,0.097,0.707
Melissa,25,93.532,1.457,1.083,0.167,0.097,3.664
Larry,6631,90.436,5.955,1.383,0.211,0.18,1.835
Frank,6584,86.855,2.904,2.859,0.287,0.091,7.003
Ryan,6411,95.745,0.86,2.304,0.077,0.031,0.983
Sarah,14,93.969,1.752,2.078,0.14,0.171,1.891
Angela,28,85.619,7.167,1.975,0.187,0.202,4.851
Stephanie,26,91.288,4.309,1.818,0.078,0.219,2.288
Jonathan,6356,91.835,1.912,3.51,0.078,0.172,2.492
Janet,44,93.153,2.575,1.963,0.126,0.141,2.041
Cheryl,66,92.764,5.224,1.099,0.085,0.169,0.659
Catherine,27,93.319,2.341,2.563,0.154,0.068,1.555
Heather,9,97.397,0.896,0.517,0.138,0.155,0.896
Todd,5701,97.885,0.944,0.664,0.087,0.017,0.402
Keith,5466,92.957,4.531,1.601,0.091,0.182,0.637
Jessica,16,88.901,1.413,1.981,0.11,0.22,7.375
Bruce,5348,95.568,2.113,1.384,0.206,0.112,0.617
Craig,5320,96.296,2.151,1.029,0.019,0.131,0.374
Joshua,5262,95.722,0.909,1.098,0.133,0.076,2.063
Raymond,5172,84.755,4.35,5.12,0.135,0.154,5.486
Denise,47,90.212,5.414,1.137,0.077,0.154,3.006
Brenda,61,84.464,9.126,1.114,0.195,0.215,4.886
Teresa,21,83.268,2.802,2.506,0.237,0.099,11.089
Terry,4587,93.195,4.235,1.357,0.267,0.226,0.72
Katherine,13,94.252,1.562,2.187,0.083,0.083,1.833
Alan,4767,92.471,1.064,4.797,0.104,0.063,1.502
Adam,4713,96.148,0.635,1.016,0.085,0.127,1.989
Kathryn,5,97.225,1.017,0.636,0.042,0.106,0.975
Carolyn,24,89.429,7.928,1.066,0.043,0.171,1.364
Nicholas,4661,95.035,1.305,1.006,0.021,0.107,2.525
Lawrence,4552,90.854,4.191,2.489,0.109,0.153,2.205
Philip,4403,92.938,1.245,4.052,0.068,0.113,1.584
Amanda,12,94.312,1.206,0.933,0.205,0.205,3.14
Roger,4352,92.842,2.104,2.355,0.023,0.16,2.515
Gerald,4331,93.373,3.671,1.408,0.162,0.139,1.247
Jerry,4217,89.465,4.505,3.332,0.164,0.094,2.44
Robin,706,94.246,3.687,1.104,0.141,0.047,0.775
Anne,21,96.037,0.896,2.147,0.142,0.047,0.731
Benjamin,4220,85.184,2.906,4.679,0.165,0.189,6.876
Andrea,45,89.751,4.911,0.807,0.214,0.047,4.27
Nicole,9,91.141,4.99,1.194,0.096,0.143,2.436
Christina,20,88.524,1.773,2.947,0.264,0.144,6.349
Tracy,920,92.334,4.246,2.135,0.146,0.146,0.995
Theresa,27,89.798,4.008,2.235,0.194,0.121,3.643
Justin,4064,94.685,1.396,2.204,0.269,0.049,1.396
Joan,590,94.405,3.204,1.232,0.099,0.173,0.887
Juan,3983,4.528,0.523,1.518,0.025,0,93.406
Dawn,47,95.147,3.017,0.779,0.126,0.075,0.855
Leslie,374,92.634,3.633,1.615,0.151,0.177,1.791
Wendy,44,91.648,1.615,3.76,0.126,0.05,2.801
Sean,3917,94.509,2.364,1.957,0.127,0.178,0.864
Jane,39,93.968,0.984,3.779,0.181,0.207,0.88
Martin,3807,77.656,1.068,1.615,0.104,0.026,19.531
Jacqueline,21,80.318,11.863,1.833,0.135,0.216,5.635
Jean,2116,87.361,7.567,3.228,0.163,0.19,1.492
Bryan,3671,93.625,2.116,2.821,0.027,0.054,1.356
Lynn,591,94.412,1.616,2.821,0.164,0.055,0.931
Aaron,3625,91.607,3.264,2.057,0.055,0.137,2.88
Diana,29,83.591,1.903,2.923,0.248,0.193,11.142
Bradley,3609,98.867,0.193,0.525,0.138,0.055,0.221
Jeremy,3570,96.596,1.116,0.642,0.084,0.112,1.451
Paula,36,92.402,3.113,0.8,0.2,0.171,3.313
Martha,43,68.367,3.438,0.774,0.115,0.115,27.192
Carl,3465,90.331,6.935,1.41,0.115,0.23,0.978
Michele,103,94.705,2.604,0.868,0.116,0.087,1.62
Wayne,3455,90.478,4.718,3.849,0.087,0.174,0.695
Erin,98,97.949,0.469,0.439,0.117,0.088,0.938
Joyce,32,85.596,9.534,3.689,0.177,0.03,0.974
Anna,15,84.762,2.211,5.378,0.09,0.12,7.439
Russell,3312,94.746,2.627,1.661,0.06,0.181,0.725
Samuel,3291,73.198,9.388,5.421,0.182,0.212,11.599
Shannon,297,95.41,2.754,0.551,0.092,0.092,1.102
Jack,3253,93.298,0.984,4.211,0.215,0.246,1.045
Shawn,3148,94.018,3.022,1.603,0.185,0.185,0.987
Kim,658,84.508,4.409,9.78,0.155,0.373,0.776
Sara,9,90.869,1.074,1.169,0.126,0.063,6.698
Chad,3148,97.716,0.793,0.825,0.19,0.032,0.444
Walter,3133,85.796,7.69,1.875,0.032,0.095,4.512
Rachel,7,90.806,2.29,2.355,0.032,0.129,4.387
Dale,2947,96.415,1.858,1.043,0.098,0.098,0.489
Dana,323,94.941,3.427,0.685,0.098,0.098,0.751
Virginia,18,83.775,3.664,2.65,0.131,0.196,9.585
Phillip,3014,89.613,3.97,3.01,0.198,0.232,2.977
Randy,2978,92.757,2.027,3.09,0.166,0.133,1.827
Jamie,503,94.467,1.576,1.643,0.168,0.134,2.012
Joel,2919,84.459,1.934,2.002,0.102,0.068,11.435
Tammy,52,92.421,2.846,2.743,0.171,0.24,1.578
Joanne,34,92.862,1.784,3.329,0,0.103,1.922
Arthur,2887,83.115,7.099,3.377,0.103,0.138,6.168
Steve,2874,85.399,2.209,7.214,0.242,0.104,4.833
Victor,2878,47.479,4.869,6.768,0.069,0.104,40.711
Carlos,2866,13.352,1.73,2.041,0.069,0.104,82.705
Jon,2867,96.157,0.727,1.904,0.139,0.069,1.004
Bonnie,40,96.683,1.047,1.327,0.07,0.07,0.803
Nathan,2857,94.309,2.235,2.13,0.244,0.209,0.873
Randall,2770,96.728,0.996,1.387,0.071,0.107,0.711
Emily,7,92.026,1.709,4.201,0.142,0.249,1.673
Laurie,40,97.286,0.536,0.714,0.107,0.143,1.214
Glenn,2752,91.994,3.074,3.753,0.179,0.286,0.715
Vincent,2786,81.938,5.508,8.047,0.072,0.286,4.149
Henry,2734,66.425,9.101,14.068,0.073,0.218,10.116
Victoria,11,83.515,3.74,3.704,0.327,0.29,8.424
Gloria,36,55.342,12.5,4.76,0.218,0.254,26.926
Helen,22,79.345,6.8,10.036,0.145,0.364,3.309
Ellen,13,94.971,1.239,2.915,0.109,0.036,0.729
Ruth,20,86.019,5.408,2.134,0.184,0.147,6.107
Marie,31,80.466,11.728,3.478,0.222,0.148,3.959
Marc,2690,94.148,2.889,0.926,0.074,0.259,1.704
Luis,2675,11.008,0.111,1.446,0.037,0,87.398
Cindy,25,89.747,0.854,5.906,0.111,0.037,3.343
Brandon,2670,91.981,3.767,2.126,0.298,0.149,1.678
Valerie,18,86.647,7.539,1.688,0.113,0.188,3.826
Tina,15,88.164,3.204,5.993,0.188,0.151,2.299
Jay,2598,91.962,0.838,5.219,0.267,0.305,1.41
Kristin,12,98.26,0.503,0.657,0,0,0.58
Louis,2549,84.008,5.253,2.49,0.272,0.039,7.938
Barry,2497,95.149,2.903,1.034,0.119,0.199,0.596
Chris,2354,91.68,1.6,4.28,0.12,0.12,2.2
Lee,2198,90.308,4.445,4.165,0.08,0.04,0.961
Monica,10,69.759,7.309,3.173,0.161,0.201,19.398
Kyle,2461,96.381,1.407,1.568,0.121,0.161,0.362
Kristen,16,98.229,0.564,0.282,0.04,0.081,0.805
Ralph,2456,88.656,4.32,1.13,0.202,0.323,5.369
Albert,2414,75.093,7.464,7.546,0.206,0.165,9.526
Frederick,2385,89.487,6.675,2.67,0.083,0.167,0.918
Holly,3,97.382,0.507,1.394,0.042,0.084,0.591
Harold,2340,88.846,6.966,1.538,0.299,0.128,2.222
Ashley,12,93.699,3.601,0.986,0.086,0,1.629
Julia,17,84.981,3.28,2.805,0.259,0.173,8.502
Renee,40,91.282,4.791,1.64,0.086,0.259,1.942
Megan,4,98.301,0.479,0.436,0,0.044,0.74
Lauren,10,96.238,1.4,0.962,0.175,0.262,0.962
Howard,2259,89.154,5.755,4.338,0.089,0.089,0.575
Alexander,2216,81.531,2.759,6.631,0.134,0.267,8.678
Stacy,190,94.482,2.333,1.525,0.269,0.269,1.122
Eugene,2175,84.651,6.67,5.71,0.046,0.183,2.741
Dean,2161,94.986,0.782,3.404,0.046,0.138,0.644
Melanie,10,92.343,2.814,2.26,0.185,0.092,2.306
Rodney,2142,86.192,9.437,2.278,0.232,0.232,1.627
Stacey,158,93.648,3.27,1.121,0.14,0.234,1.588
Gina,7,90.301,2.542,3.202,0.094,0.047,3.814
Francis,1804,88.269,3.075,6.197,0.095,0.095,2.271
Brent,2099,97.249,0.996,0.712,0.19,0.047,0.806
Roy,2099,85.136,5.622,5.431,0.238,0.095,3.478
Danielle,10,93.064,4.383,0.385,0.241,0,1.927
Stanley,2017,84.843,7.037,6.644,0.049,0.295,1.132
Frances,31,83.81,5.726,2.962,0.247,0.296,6.96
Anita,18,76.835,7.738,8.288,0.399,0.1,6.64
Manuel,1979,17.863,0.903,4.315,0.251,0.1,76.568
Jeffery,1969,94.346,3.584,1.212,0.202,0.05,0.606
Sally,21,93.889,0.707,2.778,0.253,0.051,2.323
Jesse,1901,79.089,6.177,2.228,0.152,0.152,12.203
Antonio,1952,31.603,5.242,6.616,0,0.204,56.336
Jacob,1956,91.845,1.631,3.211,0.153,0.153,3.007
Jorge,1938,8.696,0.153,1.125,0,0,90.026
Brett,1916,98.36,0.871,0.256,0.103,0.051,0.359
Danny,1933,79.774,3.542,10.318,0.257,0.308,5.801
Curtis,1914,85.774,10.903,2.129,0.104,0.519,0.571
Jeff,1924,95.218,0.572,3.067,0.156,0.104,0.884
Allen,1899,88.755,4.498,5.178,0.052,0.471,1.046
Derek,1906,90.424,4.082,4.396,0.209,0.105,0.785
Travis,1902,94.235,3.564,0.996,0.419,0.052,0.734
Troy,1882,92.381,5.556,1.058,0.106,0.053,0.847
Francisco,1863,8.652,0.159,3.291,0,0,87.898
Jesus,1843,3.904,0,2.781,0.16,0,93.155
Leonard,1857,87.291,7.001,2.1,0.108,0.269,3.231
Harry,1839,88.309,4.84,4.568,0.272,0.163,1.849
Tiffany,6,82.433,10.202,5.292,0.327,0.327,1.418
Tara,8,94.365,3.228,1.313,0.055,0.109,0.93
Terri,77,93.884,3.085,1.543,0.165,0.11,1.212
Joe,1790,69.013,6.874,5.155,0.222,0.166,18.57
Allison,5,95.378,1.917,1.917,0,0.169,0.62
Fred,1773,87.874,4.738,3.046,0.169,0.282,3.892
Miguel,1750,6.165,0.566,1.131,0.113,0,92.025
Tamara,11,93.001,4.418,0.574,0.115,0.172,1.721
Theodore,1742,89.782,5.97,2.526,0.23,0.172,1.32
Alicia,6,66.667,5.934,2.734,0.116,0.175,24.375
Mario,1702,31.334,2.563,3.844,0.058,0.058,62.143
Norman,1695,88.791,5.133,4.366,0.177,0.118,1.416
Tony,1672,63.002,8.57,21.099,0.355,0.059,6.915
Carmen,109,41.099,5.018,2.688,0.06,0.119,51.016
Erik,1669,92.533,1.314,1.016,0.119,0,5.018
Kurt,1674,97.909,0.956,0.777,0,0.119,0.239
April,4,88.448,6.739,1.685,0.301,0.12,2.708
Ana,24,23.43,0.906,2.295,0,0.121,73.249
Carla,10,86.366,7.912,0.426,0.061,0.243,4.991
Natalie,7,89.747,4.367,1.203,0.316,0.19,4.177
Claudia,22,64.054,3.697,1.02,0.191,0.255,30.784
Jaime,967,44.971,0.448,4.933,0.128,0.192,49.327
Amber,4,95.055,1.991,0.771,0.193,0.128,1.863
Greg,1551,94.907,1.483,2.063,0.064,0.129,1.354
Veronica,6,46.667,10.2,2.8,0.2,0,40.133
Norma,23,55.884,6.052,3.497,0.269,0.269,34.028
Edwin,1466,67.41,4.665,7.978,0.068,0.203,19.675
Neil,1468,94.783,1.016,2.778,0.136,0.136,1.152
Christian,1306,85.064,1.833,1.969,0.068,0.272,10.794
Roberta,62,92.471,3.217,0.958,0.205,0.068,3.08
Crystal,5,82.32,10.014,2.072,0.138,0.414,5.041
Rosa,19,20.236,4.435,2.287,0.139,0,72.904
Brad,1434,97.908,0.976,0.349,0.418,0,0.349
Regina,8,78.312,12.762,2.441,0.209,0.209,6.067
Karl,1411,93.737,2.815,2.604,0.07,0.07,0.704
Sylvia,8,58.169,12.113,5.282,0.352,0.07,24.014
Erica,7,80.057,8.699,1.627,0.212,0.071,9.335
Alison,7,96.294,1.283,1.568,0,0.071,0.784
Kerry,585,95.487,2.436,1.074,0.143,0.072,0.788
Ernest,1390,75.252,11.871,3.094,0.288,0.216,9.281
Deanna,5,91.957,3.623,1.667,0.29,0.217,2.246
Evelyn,14,66.497,11.313,7.832,0.218,0.435,13.706
Gordon,1379,92.966,1.668,4.423,0.363,0.145,0.435
Alex,1323,64.406,3.136,12.983,0.219,0.292,18.964
Rick,1371,93.144,0.729,2.845,0.292,0.219,2.772
Joy,32,86.564,6.241,5.727,0,0.147,1.322
Jimmy,1339,67.456,6.879,16.79,0.518,0.148,8.21
Dan,1337,87.21,1.122,9.648,0.224,0,1.795
Jan,979,97.008,0.598,1.795,0.075,0.15,0.374
Shane,1308,97.059,0.754,1.207,0.075,0.151,0.754
Lois,104,92.755,5.283,1.208,0.075,0.151,0.528
Jodi,15,97.108,0.304,1.522,0.152,0.152,0.761
Rosemary,13,86.478,4.202,2.215,0.229,0,6.875
Yvonne,9,65.278,18.364,5.247,0.54,0.386,10.185
Mitchell,1284,93.338,2.943,1.704,0.232,0.232,1.549
Glen,1283,94.154,1.325,3.741,0,0.078,0.701
Billy,1259,84.301,7.849,4.003,0.392,0.471,2.983
Caroline,5,89.482,2.869,4.303,0.159,0.239,2.948
Lance,1250,93.222,2.073,2.951,0.399,0.159,1.196
Don,1253,87.63,3.831,7.422,0.239,0.08,0.798
Tracey,190,89.752,8.407,0.881,0,0.16,0.801
Roberto,1237,12.821,0.321,6.33,0,0,80.529
Bernard,1244,84.486,10.209,3.376,0,0.161,1.768
Darren,1232,89.984,4.604,3.877,0.242,0.162,1.131
Alfred,1237,75.829,9.054,4.689,0.081,0.162,10.186
Ricardo,1225,12.256,3.896,5.276,0,0,78.571
Sue,157,93.409,0.814,5.045,0.163,0,0.57
Jerome,1220,82.295,12.541,3.279,0.082,0.246,1.557
Warren,1207,86.031,7.477,5.341,0.247,0.329,0.575
Courtney,50,92.969,5.624,0.827,0.165,0.331,0.083
Jared,1196,96.25,1.083,0.667,0.25,0.583,1.167
Pedro,1184,7.557,1.259,2.099,0.168,0.084,88.833
Marvin,1181,75.337,14.141,3.199,0.168,0,7.155
Kristina,3,94.688,1.349,1.602,0.084,0.169,2.108
Ricky,1170,84.915,7.034,5.169,0.169,0.169,2.542
Dustin,1174,97.116,0.254,1.187,0.424,0.17,0.848
Darrell,1168,87.267,9.762,1.188,0.424,0.255,1.104
Marlene,15,83.277,4.669,2.292,0.17,0.34,9.253
Stuart,1177,96.602,0.935,2.124,0,0,0.34
Clifford,1176,90.561,5.782,3.316,0.085,0,0.255
Kent,1160,93.19,1.81,4.569,0,0.086,0.345
Ian,1149,93.166,2.855,2.855,0,0.346,0.779
Casey,644,95.317,1.561,2.342,0.087,0.087,0.607
Duane,1152,92.188,5.556,1.389,0.174,0.087,0.608
Wesley,1120,91.637,3.873,3.697,0.264,0.088,0.44
Shelley,22,95.057,2.118,1.942,0.088,0.177,0.618
Kirk,1132,95.583,2.385,1.325,0.265,0.088,0.353
Oscar,1121,15.813,4.152,4.417,0.442,0.088,75.088
Bobby,1109,78.122,13.729,4.252,0.354,0.62,2.923
Rafael,1108,8.871,0.269,2.419,0,0,88.441
Zachary,1112,95.968,1.613,0.986,0.269,0.358,0.806
Allan,1113,88.23,1.887,7.457,0.09,0.27,2.066
Hector,1103,5.495,0.45,1.351,0,0,92.703
Katie,2,94.505,2.252,2.523,0,0.18,0.541
Johnny,1080,60.386,13.603,12.224,0.551,0.184,13.051
Corey,1043,89.42,8.188,1.288,0.276,0.368,0.46
Mike,1084,81.55,0.738,11.716,0,0,5.996
Shelly,20,94.6,1.955,2.048,0.372,0,1.024
Tanya,6,81.946,10.664,2.9,0.468,0.374,3.648
Charlene,8,86.21,9.568,2.064,0.188,0.375,1.595
Geoffrey,1066,95.779,0.844,2.345,0,0.094,0.938
Vanessa,5,63.415,15.947,4.034,0.281,0.563,15.76
Tyler,1040,97.648,0.188,0.847,0.282,0.188,0.847
Jody,561,97.441,0.664,0.664,0.284,0.095,0.853
Gabriel,993,45.956,2.188,2.284,0,0.285,49.286
Lindsay,8,98,0.857,0.476,0,0.19,0.476
Christy,8,94.651,1.146,2.674,0,0.287,1.242
Leah,2,92.994,2.591,2.687,0.096,0.288,1.344
Jenny,8,69.216,0.686,22.549,0,0.294,7.255
Raul,1005,7.094,0.493,3.054,0.099,0,89.261
Samantha,2,88.702,3.568,3.568,0.198,0.396,3.568
Audrey,3,84.722,10.714,2.381,0.298,0.099,1.786
Molly,2,96.032,0.595,2.083,0,0.298,0.992
Yolanda,13,19.043,19.342,4.287,0.199,0.199,56.929
Javier,992,4.895,0,0.5,0.1,0,94.505
Ramon,989,11.311,1.301,8.008,0,0.2,79.179
Ray,987,79.58,6.907,6.206,0.3,0.2,6.807
Melvin,988,66.6,22.768,4.313,0.602,0.401,5.316
Kay,41,91.851,3.119,3.823,0.101,0.101,1.006
Tim,987,90.881,1.114,6.687,0.101,0,1.216
Fernando,972,14.852,0.61,5.799,0.102,0,78.637
Joanna,4,86.85,1.835,5.708,0.102,0.102,5.403
Earl,977,83.828,13.408,1.842,0.102,0.102,0.716
Ruben,959,13.768,1.242,4.037,0,0.104,80.849
Tom,963,82.035,1.038,15.472,0.312,0.208,0.935
Sergio,948,14.718,0.522,1.566,0,0,83.194
Cory,926,94.566,2.821,1.776,0.104,0.104,0.627
Toni,24,87.002,8.386,1.048,0.524,0.21,2.83
Erika,4,73.523,6.224,1.266,0.105,0.422,18.46
Herbert,929,82.131,11.302,2.691,0.538,0.108,3.229
Lindsey,9,96.07,1.092,1.747,0.109,0.218,0.764
Seth,911,98.031,0.875,0.656,0.109,0,0.328
Eduardo,902,10.428,0.329,10.318,0,0.11,78.814
Robyn,19,95.585,2.208,1.104,0,0.331,0.773
Willie,890,18.868,75.916,2.553,0.111,0.333,2.22
Eva,10,67.595,5.234,5.902,0.223,0.223,20.824
June,123,84.058,6.243,8.138,0.111,0.111,1.338
Angel,525,22.635,3.716,4.279,0.225,0,69.144
Guy,884,93.439,2.828,2.262,0,0.452,1.018
Marcus,877,74.745,18.686,2.378,0.227,0.113,3.851
Kelli,5,95.795,2.727,0.568,0.227,0.227,0.455
Esther,6,52.961,10.364,10.364,0.569,0.228,25.513
Sonia,10,36.655,7.675,9.393,0.115,0.115,46.048
Ronnie,834,78.506,13.678,2.529,0.115,0.345,4.828
Gene,836,89.862,4.378,4.147,0.115,0.23,1.267
Adrian,790,49.249,11.098,2.659,0.347,0.347,36.301
Karla,11,80.233,4.302,0.581,0,0.349,14.535
Ross,852,95.449,0.467,2.334,0.35,0,1.4
Gerard,852,91.315,3.756,2.23,0,0.352,2.347
Edgar,841,38.778,3.878,6.58,0.47,0.235,50.059
Kara,1,96.539,1.313,1.193,0.119,0.119,0.716
Kari,7,98.086,0.598,0.598,0.12,0,0.598
Olga,15,53.43,1.805,1.444,0,0,43.321
Jackie,303,87.711,4.819,4.578,0.482,0.482,1.928
Vivian,11,62.726,14.113,13.631,0.241,0,9.288
Alejandro,809,6.943,0.122,2.801,0,0,90.134
Gregg,819,97.558,0.855,1.221,0,0,0.366
Jim,814,82.31,1.843,11.548,0.246,0,4.054
Leo,810,80.988,4.321,7.778,0.123,0.123,6.667
Armando,795,9.838,0.249,5.729,0.125,0,84.06
Candace,2,90.773,7.107,1.122,0.249,0,0.748
Rene,681,48.125,2.625,4,0.125,0.25,44.875
Salvador,783,5.044,0.126,2.9,0.126,0,91.803
Gilbert,771,56.757,4.633,5.148,0.386,0.129,32.947
Lloyd,773,85.64,10.22,3.364,0,0.129,0.647
Marion,346,86.476,10.923,0.65,0.26,0,1.691
Claire,4,94.141,1.693,2.995,0,0.13,1.042
Meredith,3,97.262,1.565,0.652,0.13,0,0.391
Ted,763,89.384,1.704,7.208,0.393,0,1.311
Darryl,742,69.016,26.064,3.324,0.532,0.399,0.665
Calvin,745,58.611,25.768,14.686,0.134,0.134,0.668
Brooke,3,97.312,1.344,0.403,0.134,0.134,0.672
Grant,741,96.102,0.806,2.823,0,0,0.269
Julio,738,7.278,0.539,2.022,0.135,0,90.027
Sam,720,73.04,4.539,19.257,0.138,0,3.026
Franklin,715,74.827,9.129,6.639,0.138,0.277,8.99
Nathaniel,720,73.721,22.545,1.936,0.277,0.138,1.383
Clarence,715,67.129,27.462,4.438,0.277,0.277,0.416
Traci,6,93.065,4.577,1.664,0.139,0,0.555
Terrence,712,86.908,9.471,2.646,0.139,0.279,0.557
Nina,5,83.52,4.749,7.682,0.279,0.279,3.492
Arturo,707,7.972,0,4.755,0,0.14,87.133
Ivan,705,60.364,4.902,6.583,0,0,28.151
Elena,4,65.028,0.983,6.461,0.14,0.281,27.107
Shaun,691,92.384,3.808,2.539,0.141,0.423,0.705
Jordan,517,96.751,0.706,0.989,0.141,0.141,1.271
Cecilia,4,48.011,2.273,12.074,0.142,0.142,37.358
Tommy,697,73.826,8.819,13.087,0.711,0,3.556
Karin,21,96.581,0.427,0.997,0.142,0,1.852
Daryl,609,86.552,9.156,3.147,0.143,0,1.001
Marian,32,89.24,5.308,3.73,0.143,0.143,1.435
Jacquelyn,4,86.331,10.791,0.719,0.144,0,2.014
Lewis,695,90.216,6.763,1.727,0.432,0,0.863
Eddie,685,50.144,24.64,12.248,0.144,0.288,12.536
Nelson,690,46.398,3.746,11.527,0.576,0.144,37.608
Leon,693,72.872,19.048,4.185,0.577,0.144,3.175
Alfredo,680,10.771,0.728,7.86,0,0,80.64
Cesar,674,7.048,0.147,8.957,0,0,83.847
Lillian,7,68.639,9.911,9.024,0.148,0.148,12.13
Neal,675,95.704,0.889,2.815,0.296,0,0.296
Alberto,663,11.128,0.445,6.825,0.297,0,81.306
Guadalupe,164,4.748,0,0.445,0,0,94.807
Marco,669,33.828,1.78,1.335,0,0,63.056
Luke,670,94.048,0.595,4.167,0.149,0.149,0.893
Kelley,41,97.91,1.045,0.597,0.299,0,0.149
Trevor,664,92.204,5.697,0.9,0,0.3,0.9
Salvatore,665,98.947,0,0.15,0,0.15,0.752
Clinton,662,88.218,9.215,1.813,0,0.151,0.604
Enrique,654,6.383,0,4.255,0,0,89.362
Cassandra,1,75.725,20,1.527,0,0,2.748
Evan,637,94.931,1.229,1.997,0,0.154,1.69
Juanita,8,54.954,19.659,2.477,0.31,0.774,21.827
Adrienne,6,83.385,12.733,1.553,0.155,0.155,2.019
Vernon,637,79.592,15.856,3.454,0,0,1.099
Ben,634,77.129,3.628,15.615,0,0.315,3.312
Roland,634,74.763,11.041,7.256,0,0,6.94
Colin,627,94.462,3.006,2.057,0,0.158,0.316
Dwight,624,79.006,16.667,3.045,0,0.16,1.122
Leroy,621,69.082,24.96,0.966,0.483,0.483,4.026
Priscilla,2,70.323,11.452,6.29,0.161,0.161,11.613
Leigh,31,96.602,1.456,1.294,0.162,0,0.485
Arnold,615,78.211,7.317,6.992,0,0,7.48
Mohammad,614,46.906,0.814,49.511,1.303,0.977,0.489
Alma,13,31.588,7.201,5.074,0,0,56.137
Harvey,605,85.455,8.926,3.14,0,0.331,2.149
Gerardo,599,8.458,0,5.307,0,0,86.235
Irma,9,20.3,3.827,2.163,0,0,73.71
Andre,594,56.928,33.723,3.339,0.167,0.334,5.509
Bethany,1,96.995,1.169,0.668,0.167,0.334,0.668
Derrick,595,55.351,35.117,5.686,0.502,0.334,3.01
Leticia,8,16.89,1.338,6.187,0,0.334,75.251
Margarita,13,22.241,1.171,3.512,0.167,0,72.91
Ron,597,88.442,4.02,4.69,0.335,0.168,2.345
Hugh,596,92.953,4.698,1.846,0,0.336,0.168
Alvin,595,62.353,21.008,12.773,0,0,3.866
Clayton,592,93.613,2.689,2.689,0.336,0.336,0.336
Lucy,7,68.908,5.378,9.748,0.672,0,15.294
Perry,568,88.571,7.059,2.857,0,0.168,1.345
Bill,590,83.898,2.712,10.339,0.169,0.169,2.712
Ken,569,71.695,1.356,26.102,0,0,0.847
Byron,586,77.419,11.375,4.075,0.17,0,6.961
Dominic,561,89.199,1.568,4.355,0,0,4.878
Ernesto,567,7.666,0.871,13.763,0,0,77.7
Nora,4,68.586,3.839,7.155,0,0.349,20.07
Bradford,570,96.14,1.754,1.579,0,0,0.526
Brittany,1,95.079,3.339,0.879,0,0,0.703
Blake,540,97.002,1.058,1.235,0,0,0.705
Noel,394,62.367,4.24,13.604,0.177,0.177,19.435
Wade,566,94.7,2.827,1.767,0.177,0.177,0.353
Meghan,1,98.407,0,0.354,0,0,1.239
Darin,546,95.707,1.431,1.789,0.179,0.537,0.358
Marina,3,68.157,0.358,5.725,0.179,0.179,25.403
Simon,558,65.591,3.584,20.789,0,0.179,9.857
Andy,547,52.793,1.622,38.559,0.721,0,6.306
Cameron,527,94.937,2.532,1.627,0.362,0,0.542
Maurice,545,63.636,31.091,1.818,0,0,3.455
Sandy,37,70.492,2.186,19.49,0,0.546,7.286
Nick,545,85.688,0.367,6.606,0.183,0.183,6.972
Belinda,8,70.295,14.207,4.613,0,0.738,10.148
Guillermo,542,6.273,0,2.583,0,0.185,90.959
Cristina,5,50.649,1.299,10.946,0,0.186,36.92
Brandi,0,90.875,5.773,0.372,0,0.372,2.607
Candice,2,86.778,6.145,3.724,0.186,0.559,2.607
Emma,1,54.511,14.098,6.203,0.752,0,24.436
Mathew,526,85.633,0.567,11.909,0.189,0.189,1.512
Lester,526,81.179,11.597,3.612,0.19,0.38,3.042
Marshall,519,90.684,6.084,1.711,0.19,0.19,1.141
Brendan,521,97.901,0.191,0.954,0.191,0,0.763
Sabrina,2,75.335,14.34,4.015,0.382,0.191,5.736
Stacie,4,95,2.308,0.962,0,0,1.731
Luz,18,9.827,0.193,7.322,0.193,0,82.466
Kellie,3,95.946,1.544,0.965,0.386,0.386,0.772
Brandy,8,90.716,3.482,0.967,0.387,0.967,3.482
Lonnie,491,87.403,10.465,0.775,0.388,0.194,0.775
Ali,302,72.763,4.28,19.455,0.973,0.584,1.946
Matt,514,97.665,0.195,1.556,0,0.195,0.389
Kirsten,2,98.63,0.196,0.391,0.196,0,0.587
Milton,511,62.622,17.417,5.284,0,0,14.677
Rodolfo,503,7.466,0,14.735,0,0.393,77.407
Kerri,7,97.835,0.591,0.591,0,0,0.984
Ruby,10,53.057,24.063,12.623,0.394,0,9.862
Alexandra,3,85.516,1.19,1.984,0.198,0.397,10.714
Felix,504,27.579,6.944,9.127,0.397,0,55.952
Vicky,21,84.325,1.587,9.325,0.198,0.397,4.167
Randolph,502,82.072,11.355,3.386,0.199,0.199,2.789
Floyd,501,82.834,12.974,2.595,0.2,0.399,0.998
Cody,489,96.781,1.207,1.006,0.201,0.201,0.604
Jeremiah,494,92.339,4.032,1.411,0,0.403,1.815
Dina,8,84.584,2.231,2.84,0.406,0,9.939
Loren,177,94.726,1.623,1.42,0.203,0.203,1.826
Laurence,450,93.279,3.462,2.24,0.204,0,0.815
Adriana,4,35.992,0.818,0.613,0.204,0,62.372
Blanca,7,7.975,0.204,0.613,0,0,91.207
Dwayne,483,74.795,23.156,0.82,0.41,0,0.82
Naomi,3,75.82,7.992,8.197,0.41,0.205,7.377
Reginald,483,31.417,63.655,2.669,0,0.411,1.848
Angelo,478,84.774,3.086,1.44,0.206,0,10.494
Jo,32,93.827,2.675,1.44,0.412,0.206,1.44
Max,486,86.214,1.44,3.292,0.412,0,8.642
Clyde,483,83.23,11.801,3.313,0.414,0.207,1.035
Alfonso,482,13.071,3.942,4.564,0,0.207,78.216
Andres,476,12.656,0.415,2.905,0.207,0,83.817
Gustavo,478,9.129,0.207,0.415,0,0,90.249
Julian,469,53.222,8.108,5.405,0,0.416,32.848
Whitney,6,95.388,2.516,1.258,0.21,0,0.629
Garrett,474,92.437,2.311,3.782,0.21,0,1.261
Kendra,2,91.064,7.234,0.638,0.213,0.426,0.426
Kris,336,92.934,0.428,5.139,0,0.214,1.285
Rachael,1,91.126,2.165,1.082,0.216,0.216,5.195
Terence,460,86.304,8.043,4.565,0.217,0.435,0.435
Monique,3,62.882,24.017,3.712,0,1.092,8.297
Billie,101,89.912,5.921,1.096,0.219,0.658,2.193
Terrance,451,81.579,15.132,2.412,0,0.439,0.439
Edmund,454,83.7,4.185,7.048,0,0.22,4.846
Angelica,3,24.724,0.442,3.311,0.221,0,71.302
Omar,450,21.854,7.506,5.74,0,0.442,64.459
Alexis,55,77.655,5.088,2.876,0,0.221,14.159
Randal,433,95.344,1.109,1.996,0.443,0,1.109
Patrice,18,85.333,13.111,0.222,0,0,1.333
Olivia,1,47.661,6.682,7.795,0.445,0.223,37.194
Dave,448,82.813,5.134,8.929,0.223,0.446,2.455
Felicia,1,56.027,33.259,2.455,0.446,0.223,7.589
Jessie,235,61.798,17.079,11.011,0.225,0.225,9.663
Kristopher,442,96.404,1.124,0.899,0.225,0,1.348
Lucas,442,90.315,0.225,1.577,0.225,0,7.658
Rex,441,90.023,0.454,8.617,0,0,0.907
Yvette,2,53.986,21.412,1.595,0.228,0,22.779
Doug,438,95.89,0.228,2.968,0,0,0.913
Isaac,436,52.283,16.21,5.708,0.457,0.228,25.114
Lesley,24,91.324,3.425,2.283,0.457,0.457,2.055
Young,301,2.746,0.229,96.796,0,0.229,0
Drew,417,97.706,0.459,0,0,0,1.835
Pablo,430,7.816,0.23,5.977,0,0.23,85.747
Spencer,416,88.915,6.005,4.619,0.231,0,0.231
Isabel,9,33.875,0.696,4.64,0.232,0,60.557
Clara,4,60.233,14.884,4.651,0,0,20.233
Damon,427,79.157,14.52,3.279,0.234,0.468,2.342
Garry,425,92.471,4,2.588,0,0,0.941
Cary,325,90.78,2.128,4.965,0,0.709,1.418
Mohammed,421,36.817,4.513,54.632,2.85,0.238,0.95
Hung,419,0.716,0.239,98.091,0,0.477,0.477
Abigail,2,81.579,1.435,4.785,0,0,12.201
Bret,413,98.321,1.199,0,0.24,0,0.24
Morgan,55,93.51,1.683,3.846,0.24,0,0.721
Abraham,411,47.7,7.748,12.349,1.453,0,30.751
Felipe,413,3.632,0.726,4.6,0.484,0,90.557
Herman,410,56.098,23.171,10.732,0,0,10
Nichole,1,87.805,9.512,0.488,0,0.488,1.707
Bobbie,51,80.835,15.725,0.491,0.737,0.491,1.72
Sidney,260,81.572,13.268,3.931,0.246,0,0.983
Chester,406,85.714,8.867,4.187,0.493,0,0.739
Jimmie,388,78.818,17.488,1.232,0,0.246,2.217
Wei,406,0.739,0,98.276,0,0.493,0.493
Shawna,1,95.025,1.99,0.746,0.498,0,1.741
Josh,400,96.75,1,0.5,0.25,0,1.5
Keri,4,97.5,0.5,0.75,0,0.25,1
Hong,116,1.508,0,97.739,0,0.251,0.503
Austin,386,89.086,5.076,5.076,0,0.508,0.254
Hannah,1,81.726,3.553,12.944,0.254,0.254,1.269
Raquel,5,32.308,4.615,5.897,0,0.513,56.667
Denis,345,91.003,2.057,2.828,0.257,0,3.856
Clark,388,92.784,3.093,2.577,0,0.773,0.773
Lorena,3,26.289,0.515,1.546,0.515,0,71.134
Rebekah,1,96.382,1.034,1.034,0,0,1.55
Camille,1,87.532,6.753,2.338,0,0.26,3.117
Faith,2,88.021,5.99,3.385,0.521,0.26,1.823
Lourdes,10,20.573,1.563,15.625,0,0.26,61.979
Tracie,10,90.339,6.789,1.567,0,0.261,1.044
Juana,9,10.733,1.571,1.309,0,0,86.387
Joni,17,94.226,2.1,2.625,0,0,1.05
Lyle,378,96.561,0.794,1.587,0,0.265,0.794
Vladimir,378,91.799,1.852,1.058,0,0,5.291
Hugo,371,17.021,0,1.596,0,0,81.383
Paige,1,96.8,1.067,1.333,0,0.267,0.533
Nicolas,372,51.872,1.337,2.674,0,0,44.118
Thanh,266,1.34,0,98.123,0,0.268,0.268
Natasha,0,68.817,23.387,3.226,0.269,0.269,4.032
Claude,369,85.366,12.737,0.271,0.271,0,1.355
Iris,4,53.388,10.569,7.588,0.542,0.542,27.371
Yong,369,5.149,0,94.309,0,0,0.542
Charlie,299,54.372,23.224,15.027,0.273,0,7.104
Clint,364,94.231,1.374,2.747,0.275,0.275,1.099
Johanna,4,83.791,2.473,4.121,0.275,0.275,9.066
Rogelio,359,3.306,0,15.978,0,0,80.716
Jenna,0,95.833,0.833,1.389,0,0,1.944
Wallace,359,84.401,7.799,6.128,0.279,0.279,1.114
Jodie,29,96.927,0.838,1.955,0,0,0.279
Carey,211,96.348,1.685,1.685,0,0,0.281
Ramiro,354,4.802,0.282,1.695,0,0,93.22
Jaclyn,1,95.739,0.852,1.705,0.568,0,1.136
Jocelyn,2,62.751,10.888,22.35,0,0.573,3.438
Kenny,343,54.885,4.023,37.356,0.287,0.575,2.874
Clifton,347,74.928,20.749,2.305,0.288,0.865,0.865
Roman,340,72.965,1.163,1.163,0.291,0.291,24.128
Ira,312,88.27,9.677,0.88,0.293,0,0.88
Stewart,331,93.824,2.353,2.647,0,0,1.176
Lucia,7,46.608,2.36,7.375,0,0,43.658
Van,287,46.313,5.015,46.608,0,0.295,1.77
Ignacio,332,7.229,0,2.711,0,0,90.06
Rolando,326,9.063,0,24.471,0,0,66.465
Darcy,28,96.97,0.606,0.303,0.909,0,1.212
Desiree,1,71.429,12.462,3.343,0.304,0.912,11.55
Abel,323,12.844,2.141,2.446,0,0,82.569
Cecil,319,79.141,17.485,1.534,0,0.307,1.534
Taylor,154,95.399,1.227,1.84,0,0,1.534
Gale,136,89.538,6.462,2.462,0.308,0,1.231
Jillian,1,95.679,1.543,1.543,0,0,1.235
Toby,297,92.901,2.778,2.16,0.309,0,1.852
Devin,264,89.164,5.882,3.406,0.31,0,1.238
Janette,4,83.282,3.096,4.025,0,0,9.598
Lara,4,95.975,0.619,0.929,0.31,0,2.167
Minh,323,1.238,0,97.833,0,0.31,0.619
Alyssa,0,91.9,0.312,2.804,0,0.312,4.673
Jeri,13,94.704,1.558,1.558,0.312,0,1.869
Elmer,320,63.75,7.5,6.875,0.625,0.313,20.937
Erick,314,61.875,4.063,3.75,0.313,0,30
Scot,320,97.5,0.625,1.563,0,0,0.313
Bernice,10,65.204,26.332,2.508,0,0,5.956
Marcos,316,11.599,0.94,1.881,0,0.313,85.266
Wilson,311,41.509,9.119,25.786,0,0.314,23.27
Trent,314,97.134,1.592,1.274,0,0,0
Humberto,313,5.431,0.958,0.639,0,0,92.971
Shelby,28,92.971,5.112,0.319,0,0.319,1.278
Curt,312,98.397,0.321,1.282,0,0,0
Oliver,312,66.346,14.744,10.897,0,0.321,7.692
Stephan,309,95.513,2.244,0.962,0.321,0,0.962
Darrin,311,93.248,4.18,2.572,0,0,0
Elias,311,43.73,4.502,3.215,0.322,0,48.232
Rudy,300,42.581,3.226,10,0.645,0.323,43.226
Rosario,65,22.078,0,17.532,0,0,60.39
Hans,307,92.834,0.651,3.583,0.326,0.326,2.28
Tomas,307,25.407,0.977,6.189,0,0,67.427
Madeline,1,85.621,5.556,2.288,0,0.654,5.882
Rajesh,306,17.974,0,79.085,1.961,0.327,0.654
Roderick,305,64.59,28.852,4.918,0.656,0,0.984
Johnnie,261,59.211,36.184,0.329,0.658,0.329,3.289
Orlando,302,12.829,9.539,8.553,0.658,0.329,68.092
Clay,303,97.03,1.32,1.32,0,0.33,0
Nikki,11,82.724,6.312,5.98,0.664,0,4.319
Li,115,1.333,0,98,0,0,0.667
Ismael,299,8.027,0,3.679,0,0,88.294
Randi,4,95.973,2.349,0.336,0,0,1.342
Everett,296,86.824,9.797,2.365,0,0.338,0.676
Emmanuel,293,28.475,27.458,19.322,0,0,24.746
Gilberto,295,7.458,0.339,0.339,0,0,91.864
Joey,277,77.627,2.373,11.864,0,0,8.136
Marty,266,93.559,3.39,0.678,0,0.339,2.034
Gabriela,3,36.395,0.34,0,0.34,0.34,62.585
Malcolm,292,86.054,12.245,1.701,0,0,0
Sheldon,285,85.714,10.544,3.401,0,0,0.34
Susana,4,21.993,1.031,8.935,0,0,68.041
Saul,286,28.621,1.379,0,0,0,70
Syed,289,23.875,0,74.048,0.692,0.692,0.692
Jerald,287,95.819,2.787,0.348,0,0.348,0.697
Owen,285,88.07,7.368,3.509,0,0,1.053
Israel,277,22.968,2.827,1.413,0.353,0,72.438
Micah,239,93.972,3.191,2.128,0,0,0.709
Carlton,281,69.039,28.826,1.068,0,0,1.068
Fredrick,281,82.918,14.235,0.712,1.068,0,1.068
Mercedes,3,24.911,4.27,7.117,0,0,63.701
Rickey,276,84.698,13.879,0.712,0,0.356,0.356
Boris,280,91.429,2.857,1.071,0,0,4.643
Hilary,1,98.214,0.357,0.714,0.357,0.357,0
Bart,279,96.774,0.717,1.792,0,0,0.717
Lorenzo,275,21.3,18.773,6.137,0.361,0,53.43
Wendell,276,67.754,26.812,4.348,0,0.362,0.725
Jin,144,4,0,95.273,0,0,0.727
Antonia,25,42.491,5.495,3.663,0.733,0.366,47.253
Alvaro,272,12.5,0,0.368,0,0,87.132
Graham,269,97.426,1.838,0.368,0.368,0,0
Morris,272,81.985,14.338,2.206,0.368,0,1.103
Blair,102,97.048,2.214,0.369,0,0,0.369
Marissa,1,76.119,2.612,9.701,0,0.373,11.194
Preston,266,85.075,10.448,2.985,0.746,0.373,0.373
Jian,267,0.375,0,99.625,0,0,0
Reynaldo,267,5.618,0.749,28.464,0,0,65.169
Sophia,1,56.18,14.232,17.228,0,0,12.36
Myron,266,83.835,12.406,2.632,0.376,0.376,0.376
Daisy,2,29.057,10.943,22.264,0,0.755,36.981
Mohamed,265,58.113,11.321,26.038,2.264,0.377,1.887
Stefan,265,91.321,1.887,3.396,0,0.377,3.019
Conrad,264,78.409,8.333,6.439,0.758,0.379,5.682
Noah,262,92.045,2.273,3.409,0.379,0.379,1.515
Rodrigo,264,10.227,0,11.742,0,0,78.03
Yan,263,7.224,0.38,91.255,0,0.76,0.38
Jun,262,1.527,0,96.565,0,0.763,1.145
Tyrone,262,32.061,59.542,4.198,0,0.382,3.817
Chelsea,0,95,1.154,2.308,0,0,1.538
Sanjay,260,13.846,0,83.846,1.923,0,0.385
Tuan,259,2.317,0,96.911,0,0.386,0.386
Maribel,3,12.403,0,6.202,0,0,81.395
Ethan,256,94.163,0.389,3.502,0,0.389,1.556
Leonardo,254,21.401,0.389,12.84,0,0,65.37
Bob,256,85.547,2.734,10.156,0.391,0,1.172
Forrest,253,95.313,3.125,1.172,0,0,0.391
Graciela,7,14.063,0.391,0,0,0,85.547
Santiago,256,7.813,0,2.344,0,0,89.844
Allyson,1,96.078,3.137,0.784,0,0,0
Jonathon,253,95.686,0.784,1.176,0,0,2.353
Kayla,0,92.857,1.984,3.571,0,0,1.587
Rudolph,252,55.556,23.413,3.571,0.397,0,17.063
Kendall,144,91.235,6.375,1.594,0,0,0.797
Willard,251,91.235,5.976,1.195,0,0,1.594
Dominick,245,94.8,1.2,1.6,0,0.4,2
Leland,244,91.165,2.41,6.024,0,0,0.402
Virgil,249,87.55,10.04,1.205,0,0.402,0.803
Rory,228,93.145,3.226,1.613,0,0,2.016
Pierre,242,59.919,28.745,6.073,0.405,0.81,4.049
Robbie,198,87.854,10.931,0.405,0,0,0.81
Sung,246,2.439,0,96.748,0,0.407,0.407
Tania,4,69.796,2.857,4.898,0,0,22.449
Donnie,237,83.197,13.115,2.049,0.82,0,0.82
Rigoberto,244,2.459,0,0.41,0.41,0,96.721
Carolina,1,23.967,1.24,9.917,0,0,64.876
Heath,237,97.5,1.25,0.417,0.417,0.417,0
Lowell,240,97.083,2.083,0.833,0,0,0
Agustin,239,5.858,0.418,3.766,0,0,89.958
Jeffry,239,94.979,0,2.51,1.255,0.418,0.837
Pete,239,71.13,0.418,4.184,0,0,24.268
Shana,2,90.795,6.276,1.674,0.418,0,0.837
Mauricio,238,7.983,0.84,1.681,0,0,89.496
Ming,171,1.681,0,97.059,0,0.42,0.84
Bryce,232,95.763,0.847,2.542,0,0,0.847
Caleb,234,96.17,0.426,0.851,0.426,0,2.128
Mayra,4,11.489,0.426,0,0.426,0,87.66
Amit,233,24.893,0.429,73.82,0.858,0,0
Kelvin,230,28.448,40.517,25.431,0.431,0,5.172
Ty,225,83.478,1.739,13.913,0.435,0,0.435
Dee,110,89.868,2.203,3.524,0.441,0.441,3.524
Miles,227,88.987,4.405,5.727,0,0.441,0.441
Yu,101,2.203,0,97.357,0,0,0.441
Min,117,1.327,0,98.673,0,0,0
Monte,225,94.667,3.111,0.444,0,0,1.778
Chi,74,2.679,0,97.321,0,0,0
Miranda,0,84.305,5.83,5.381,0,0,4.484
Phuong,43,2.242,0,96.861,0,0.897,0
Abdul,221,44.344,6.787,47.511,0.452,0.452,0.452
Damian,218,72.851,7.24,1.81,0,0,18.1
Pat,221,88.235,2.715,5.43,0,0.452,3.167
Julius,217,53.881,27.397,10.959,0.457,0.457,6.849
Rodger,219,94.977,2.74,1.826,0,0.457,0
Joaquin,218,9.174,0.459,4.128,0.917,0,85.321
Jami,6,97.696,1.382,0.461,0,0,0.461
Muhammad,217,36.866,3.687,57.604,0.461,1.382,0
Anil,215,18.14,0.93,79.535,0,0.465,0.93
Hai,215,1.395,0,98.14,0,0,0.465
Krystal,0,80.93,12.558,0.465,0.465,0.465,5.116
May,20,27.442,2.791,68.372,0,0,1.395
Freddie,209,44.393,36.449,5.607,0,0.935,12.617
Dung,146,2.347,0,96.714,0,0.469,0.469
Efrain,213,5.634,0,0.939,0,0,93.427
Vicente,213,5.634,0,11.737,0,0,82.629
Benny,211,61.611,5.687,21.327,1.422,0.948,9.005
Dallas,178,93.81,5.238,0.476,0,0,0.476
Amir,209,75.598,2.392,18.182,0.478,1.435,1.914
Gonzalo,208,6.25,0,0.962,0,0,92.788
Justine,14,86.058,6.731,5.769,0.481,0,0.962
Candy,5,86.473,2.899,4.831,0.483,0,5.314
Devon,139,85.024,11.111,1.449,0,0,2.415
Winston,207,44.928,32.367,16.908,0,0,5.797
Dane,204,95.146,0.971,2.427,0.485,0,0.971
Karina,1,41.262,1.942,1.456,0,0.485,54.854
Nadia,1,66.99,8.252,12.136,0.485,0.971,11.165
Edmond,205,73.659,7.805,15.61,0,0,2.927
Lou,136,90.732,3.415,3.902,0.488,0,1.463
Sunil,205,19.512,1.951,77.561,0.976,0,0
Gavin,204,90.686,1.961,4.902,0.49,0,1.961
Sang,204,2.941,0,97.059,0,0,0
Blaine,191,97.537,1.478,0.493,0.493,0,0
Brady,195,93.069,3.96,1.485,0,0,1.485
Dirk,202,98.02,0.99,0.495,0,0,0.495
Dylan,198,94.059,1.485,3.465,0,0,0.99
Eli,198,81.095,5.97,1.99,0,0,10.945
Elliott,197,82.587,12.438,3.483,0.498,0,0.995
Frederic,201,91.542,2.985,2.985,0,0,2.488
Santos,194,2.985,0,0.995,0,0,96.02
Caitlin,0,97.5,0.5,2,0,0,0
Gabrielle,1,89.95,5.528,0.503,0.503,1.005,2.513
Bert,198,89.899,1.01,8.081,0,0,1.01
Diego,196,15.152,0,1.01,0,0.505,83.333
Rocco,197,97.97,0,0.508,0,0,1.523
Aubrey,34,84.184,10.714,3.061,0.51,0,1.531
Emilio,193,21.026,1.026,3.077,0,0.513,74.359
Mickey,175,87.179,5.128,4.615,0.513,0,2.564
Ravi,195,20,0,76.41,2.564,1.026,0
Delbert,194,92.268,5.155,1.031,0,0,1.546
Erich,194,97.423,0.515,0.515,0,0,1.546
Jarrod,194,94.845,2.062,1.546,0.515,0,1.031
Moises,194,8.247,0,4.639,0.515,0,86.598
Vijay,193,18.135,0,78.756,2.591,0.518,0
Ying,70,3.125,0,96.354,0,0.521,0
Araceli,3,8.901,0,5.759,0.524,0,84.817
Carroll,139,93.717,4.188,1.047,0.524,0,0.524
Elliot,188,85.34,6.283,3.141,0,0,5.236
Gerry,174,85.864,5.236,4.188,0,0,4.712
Hubert,191,74.869,14.66,8.377,0.524,0,1.571
Phil,191,82.199,2.094,10.471,0,0,5.236
Boyd,190,96.316,1.579,1.053,0,0.526,0.526
Daniela,2,81.053,0.526,0.526,0,0,17.895
Tyson,190,93.158,2.632,2.632,0,0.526,1.053
Ramesh,189,21.164,0,75.661,2.116,0,1.058
Reed,189,97.884,0.529,1.587,0,0,0
Darrel,188,90.957,6.915,2.128,0,0,0
Dong,188,2.66,0,97.34,0,0,0
Merle,188,90.957,3.723,4.255,0,0,1.064
Bryant,186,73.262,15.508,6.952,0,0,4.278
Sebastian,187,62.567,3.743,8.021,0,0,25.668
Ariel,18,45.699,2.151,11.29,0,0,40.86
Vince,186,76.344,3.226,13.978,0.538,0.538,5.376
Aleksandr,185,98.378,0,1.081,0,0,0.541
Kurtis,185,97.297,0,2.703,0,0,0
Long,185,0.541,0,97.838,0,0.541,1.081
Anh,74,4.348,0,95.109,0,0,0.543
Anton,184,89.13,5.978,3.261,0.543,0,1.087
Jess,176,85.326,0.543,3.804,0,0,10.326
Marlon,180,21.739,41.848,11.413,0.543,0,24.457
Michel,142,83.152,5.978,1.087,0,0,9.783
Vance,184,89.674,5.435,3.261,0.543,0.543,0.543
Alejandra,4,8.743,0,3.279,0,0,87.978
Emil,183,93.443,1.093,2.186,0.546,0,2.732
Giovanni,176,69.399,2.732,4.918,0.546,0,22.404
Kyung,183,3.279,0,95.628,0.546,0,0.546
Marisol,3,17.486,1.093,0,0,0,81.421
Johnathan,181,81.868,9.341,5.495,0,0,3.297
Jung,181,1.657,0,98.343,0,0,0
Nicola,55,87.845,9.392,1.105,0.552,0,1.105
Stan,181,91.16,3.315,3.867,0.552,0,1.105
Wilfredo,181,8.84,0,23.204,0,0,67.956
Samir,180,56.111,0.556,38.889,0.556,0.556,3.333
Adolfo,179,10.056,0.559,2.235,0,0,87.151
Frankie,139,67.598,15.642,5.587,0.559,0,10.615
Jake,178,88.827,2.793,5.587,0,0,2.793
Sherman,179,59.218,27.374,11.173,0,0.559,1.676
Son,179,2.793,0,95.531,0,0.559,1.117
Sydney,6,83.24,8.939,5.028,0,0,2.793
Esteban,178,7.865,0,2.809,0,0,89.326
Jayson,178,85.393,1.685,9.551,0.562,0,2.809
Andrzej,177,100,0,0,0,0,0
Fidel,177,4.52,1.13,3.39,0.565,0,90.395
Ahmed,176,65.341,8.523,22.727,0,2.273,1.136
Liliana,3,26.705,0,1.136,0.568,0,71.591
Mikhail,168,96.591,0,2.841,0.568,0,0
Rena,6,86.932,9.091,2.273,0,0,1.705
Romeo,176,18.75,2.273,56.818,0,0,22.159
Cassie,1,95.977,1.724,1.149,0.575,0,0.575
Hoa,102,0.585,0,98.83,0,0,0.585
Lan,29,8.772,0.585,89.474,0,0,1.17
Levi,170,88.304,5.848,2.924,0,0,2.924
Cuong,170,1.176,0,97.647,0,0.588,0.588
Giuseppe,170,94.118,0.588,0.588,0.588,0,4.118
Lacey,1,98.235,1.765,0,0,0,0
Micheal,168,87.647,10,0.588,0,0,1.765
Murray,149,97.647,2.353,0,0,0,0
Socorro,16,12.353,0,8.235,0.588,0,78.824
Ashok,169,18.343,0,79.29,1.183,0.592,0.592
Maricela,2,10.119,0,0,0,0,89.881
Vito,168,97.024,0,0.595,0,0.595,1.786
Maritza,3,17.47,0.602,0.602,0,0,81.325
Hal,165,95.758,1.212,2.424,0,0,0.606
Jae,100,11.515,0.606,87.879,0,0,0
